 310   1
   0.34789585E+02  0.13747107E+02
   0.34786968E+02  0.13762907E+02
   0.34783066E+02  0.13778466E+02
   0.34777924E+02  0.13793688E+02
   0.34771610E+02  0.13808488E+02
   0.34764233E+02  0.13822802E+02
   0.34755886E+02  0.13836581E+02
   0.34746681E+02  0.13849807E+02
   0.34736702E+02  0.13862462E+02
   0.34726055E+02  0.13874550E+02
   0.34714813E+02  0.13886083E+02
   0.34703060E+02  0.13897077E+02
   0.34690853E+02  0.13907551E+02
   0.34678261E+02  0.13917530E+02
   0.34665318E+02  0.13927039E+02
   0.34652077E+02  0.13936098E+02
   0.34638561E+02  0.13944734E+02
   0.34624817E+02  0.13952966E+02
   0.34610859E+02  0.13960816E+02
   0.34596722E+02  0.13968305E+02
   0.34582417E+02  0.13975449E+02
   0.34567963E+02  0.13982265E+02
   0.34553375E+02  0.13988770E+02
   0.34538677E+02  0.13994979E+02
   0.34523865E+02  0.14000904E+02
   0.34508961E+02  0.14006560E+02
   0.34493969E+02  0.14011957E+02
   0.34478901E+02  0.14017105E+02
   0.34463760E+02  0.14022016E+02
   0.34448555E+02  0.14026698E+02
   0.34433292E+02  0.14031161E+02
   0.34417973E+02  0.14035411E+02
   0.34402607E+02  0.14039457E+02
   0.34387199E+02  0.14043305E+02
   0.34371746E+02  0.14046964E+02
   0.34356262E+02  0.14050435E+02
   0.34340740E+02  0.14053730E+02
   0.34325191E+02  0.14056849E+02
   0.34309608E+02  0.14059800E+02
   0.34294006E+02  0.14062585E+02
   0.34278381E+02  0.14065211E+02
   0.34262733E+02  0.14067681E+02
   0.34247066E+02  0.14070000E+02
   0.34231380E+02  0.14072169E+02
   0.34215683E+02  0.14074194E+02
   0.34199966E+02  0.14076077E+02
   0.34184238E+02  0.14077820E+02
   0.34168495E+02  0.14079427E+02
   0.34152744E+02  0.14080901E+02
   0.34136986E+02  0.14082246E+02
   0.34121216E+02  0.14083459E+02
   0.34105438E+02  0.14084547E+02
   0.34089649E+02  0.14085510E+02
   0.34073860E+02  0.14086351E+02
   0.34058060E+02  0.14087071E+02
   0.34042255E+02  0.14087674E+02
   0.34026447E+02  0.14088158E+02
   0.34010635E+02  0.14088526E+02
   0.33994816E+02  0.14088780E+02
   0.33978992E+02  0.14088921E+02
   0.33963165E+02  0.14088948E+02
   0.33947338E+02  0.14088865E+02
   0.33931499E+02  0.14088672E+02
   0.33915665E+02  0.14088369E+02
   0.33899818E+02  0.14087959E+02
   0.33883976E+02  0.14087440E+02
   0.33868122E+02  0.14086816E+02
   0.33852272E+02  0.14086085E+02
   0.33836414E+02  0.14085246E+02
   0.33820557E+02  0.14084303E+02
   0.33804691E+02  0.14083255E+02
   0.33788826E+02  0.14082101E+02
   0.33772953E+02  0.14080844E+02
   0.33757080E+02  0.14079480E+02
   0.33741203E+02  0.14078013E+02
   0.33725323E+02  0.14076440E+02
   0.33709438E+02  0.14074764E+02
   0.33693550E+02  0.14072983E+02
   0.33677666E+02  0.14071095E+02
   0.33661777E+02  0.14069103E+02
   0.33645889E+02  0.14067008E+02
   0.33630001E+02  0.14064804E+02
   0.33614117E+02  0.14062496E+02
   0.33598228E+02  0.14060082E+02
   0.33582352E+02  0.14057560E+02
   0.33566475E+02  0.14054932E+02
   0.33550606E+02  0.14052196E+02
   0.33534744E+02  0.14049352E+02
   0.33518894E+02  0.14046398E+02
   0.33503052E+02  0.14043337E+02
   0.33487221E+02  0.14040165E+02
   0.33471401E+02  0.14036882E+02
   0.33455605E+02  0.14033489E+02
   0.33439819E+02  0.14029984E+02
   0.33424053E+02  0.14026366E+02
   0.33408310E+02  0.14022635E+02
   0.33392586E+02  0.14018790E+02
   0.33376888E+02  0.14014830E+02
   0.33361217E+02  0.14010753E+02
   0.33345573E+02  0.14006559E+02
   0.33329960E+02  0.14002245E+02
   0.33314381E+02  0.13997814E+02
   0.33298828E+02  0.13993260E+02
   0.33283321E+02  0.13988584E+02
   0.33267845E+02  0.13983785E+02
   0.33252411E+02  0.13978859E+02
   0.33237022E+02  0.13973806E+02
   0.33221672E+02  0.13968624E+02
   0.33206371E+02  0.13963312E+02
   0.33191120E+02  0.13957867E+02
   0.33175922E+02  0.13952285E+02
   0.33160774E+02  0.13946567E+02
   0.33145687E+02  0.13940708E+02
   0.33130661E+02  0.13934707E+02
   0.33115696E+02  0.13928560E+02
   0.33100800E+02  0.13922265E+02
   0.33085972E+02  0.13915818E+02
   0.33071217E+02  0.13909216E+02
   0.33056541E+02  0.13902456E+02
   0.33041943E+02  0.13895534E+02
   0.33027435E+02  0.13888444E+02
   0.33013023E+02  0.13881184E+02
   0.32998699E+02  0.13873749E+02
   0.32984482E+02  0.13866133E+02
   0.32970375E+02  0.13858332E+02
   0.32956379E+02  0.13850339E+02
   0.32942509E+02  0.13842151E+02
   0.32928768E+02  0.13833758E+02
   0.32915169E+02  0.13825153E+02
   0.32901722E+02  0.13816334E+02
   0.32888428E+02  0.13807289E+02
   0.32875313E+02  0.13798011E+02
   0.32862381E+02  0.13788492E+02
   0.32849651E+02  0.13778720E+02
   0.32837139E+02  0.13768689E+02
   0.32824860E+02  0.13758387E+02
   0.32812843E+02  0.13747803E+02
   0.32801098E+02  0.13736926E+02
   0.32789661E+02  0.13725743E+02
   0.32778564E+02  0.13714244E+02
   0.32767834E+02  0.13702416E+02
   0.32757507E+02  0.13690248E+02
   0.32747635E+02  0.13677726E+02
   0.32738262E+02  0.13664842E+02
   0.32729435E+02  0.13651585E+02
   0.32721230E+02  0.13637952E+02
   0.32713703E+02  0.13623940E+02
   0.32706932E+02  0.13609553E+02
   0.32701008E+02  0.13594805E+02
   0.32696007E+02  0.13579716E+02
   0.32692020E+02  0.13564322E+02
   0.32689137E+02  0.13548674E+02
   0.32687435E+02  0.13532838E+02
   0.32686985E+02  0.13516894E+02
   0.32687832E+02  0.13500942E+02
   0.32689987E+02  0.13485087E+02
   0.32693447E+02  0.13469434E+02
   0.32698170E+02  0.13454088E+02
   0.32704082E+02  0.13439137E+02
   0.32711105E+02  0.13424652E+02
   0.32719131E+02  0.13410689E+02
   0.32728065E+02  0.13397279E+02
   0.32737804E+02  0.13384438E+02
   0.32748245E+02  0.13372170E+02
   0.32759312E+02  0.13360468E+02
   0.32770920E+02  0.13349314E+02
   0.32782993E+02  0.13338692E+02
   0.32795490E+02  0.13328575E+02
   0.32808342E+02  0.13318942E+02
   0.32821518E+02  0.13309769E+02
   0.32834965E+02  0.13301030E+02
   0.32848663E+02  0.13292706E+02
   0.32862576E+02  0.13284774E+02
   0.32876682E+02  0.13277212E+02
   0.32890961E+02  0.13270002E+02
   0.32905388E+02  0.13263127E+02
   0.32919949E+02  0.13256570E+02
   0.32934639E+02  0.13250316E+02
   0.32949432E+02  0.13244349E+02
   0.32964329E+02  0.13238658E+02
   0.32979313E+02  0.13233231E+02
   0.32994377E+02  0.13228054E+02
   0.33009510E+02  0.13223122E+02
   0.33024712E+02  0.13218419E+02
   0.33039974E+02  0.13213940E+02
   0.33055286E+02  0.13209676E+02
   0.33070652E+02  0.13205618E+02
   0.33086060E+02  0.13201759E+02
   0.33101509E+02  0.13198094E+02
   0.33116993E+02  0.13194615E+02
   0.33132515E+02  0.13191319E+02
   0.33148071E+02  0.13188196E+02
   0.33163647E+02  0.13185243E+02
   0.33179253E+02  0.13182456E+02
   0.33194878E+02  0.13179829E+02
   0.33210526E+02  0.13177359E+02
   0.33226196E+02  0.13175042E+02
   0.33241886E+02  0.13172874E+02
   0.33257584E+02  0.13170851E+02
   0.33273300E+02  0.13168971E+02
   0.33289028E+02  0.13167228E+02
   0.33304768E+02  0.13165623E+02
   0.33320518E+02  0.13164149E+02
   0.33336281E+02  0.13162809E+02
   0.33352047E+02  0.13161596E+02
   0.33367825E+02  0.13160509E+02
   0.33383610E+02  0.13159547E+02
   0.33399403E+02  0.13158706E+02
   0.33415199E+02  0.13157985E+02
   0.33431004E+02  0.13157383E+02
   0.33446812E+02  0.13156898E+02
   0.33462627E+02  0.13156528E+02
   0.33478439E+02  0.13156273E+02
   0.33494263E+02  0.13156129E+02
   0.33510090E+02  0.13156096E+02
   0.33525917E+02  0.13156175E+02
   0.33541752E+02  0.13156363E+02
   0.33557587E+02  0.13156657E+02
   0.33573425E+02  0.13157060E+02
   0.33589268E+02  0.13157569E+02
   0.33605114E+02  0.13158186E+02
   0.33620968E+02  0.13158906E+02
   0.33636818E+02  0.13159733E+02
   0.33652679E+02  0.13160664E+02
   0.33668537E+02  0.13161697E+02
   0.33684406E+02  0.13162836E+02
   0.33700275E+02  0.13164079E+02
   0.33716148E+02  0.13165425E+02
   0.33732025E+02  0.13166873E+02
   0.33747906E+02  0.13168426E+02
   0.33763786E+02  0.13170081E+02
   0.33779671E+02  0.13171840E+02
   0.33795559E+02  0.13173703E+02
   0.33811447E+02  0.13175671E+02
   0.33827335E+02  0.13177740E+02
   0.33843220E+02  0.13179915E+02
   0.33859112E+02  0.13182195E+02
   0.33874996E+02  0.13184579E+02
   0.33890877E+02  0.13187069E+02
   0.33906757E+02  0.13189665E+02
   0.33922630E+02  0.13192366E+02
   0.33938499E+02  0.13195174E+02
   0.33954353E+02  0.13198090E+02
   0.33970200E+02  0.13201112E+02
   0.33986042E+02  0.13204245E+02
   0.34001865E+02  0.13207484E+02
   0.34017677E+02  0.13210834E+02
   0.34033470E+02  0.13214294E+02
   0.34049244E+02  0.13217866E+02
   0.34065002E+02  0.13221549E+02
   0.34080734E+02  0.13225346E+02
   0.34096447E+02  0.13229255E+02
   0.34112129E+02  0.13233278E+02
   0.34127792E+02  0.13237420E+02
   0.34143417E+02  0.13241677E+02
   0.34159016E+02  0.13246053E+02
   0.34174580E+02  0.13250547E+02
   0.34190117E+02  0.13255163E+02
   0.34205608E+02  0.13259902E+02
   0.34221066E+02  0.13264764E+02
   0.34236477E+02  0.13269753E+02
   0.34251846E+02  0.13274868E+02
   0.34267170E+02  0.13280112E+02
   0.34282452E+02  0.13285489E+02
   0.34297676E+02  0.13290998E+02
   0.34312851E+02  0.13296645E+02
   0.34327965E+02  0.13302428E+02
   0.34343029E+02  0.13308355E+02
   0.34358025E+02  0.13314425E+02
   0.34372955E+02  0.13320640E+02
   0.34387817E+02  0.13327005E+02
   0.34402615E+02  0.13333526E+02
   0.34417328E+02  0.13340202E+02
   0.34431965E+02  0.13347039E+02
   0.34446518E+02  0.13354042E+02
   0.34460979E+02  0.13361213E+02
   0.34475353E+02  0.13368558E+02
   0.34489620E+02  0.13376082E+02
   0.34503780E+02  0.13383790E+02
   0.34517830E+02  0.13391686E+02
   0.34531757E+02  0.13399779E+02
   0.34545559E+02  0.13408075E+02
   0.34559223E+02  0.13416578E+02
   0.34572739E+02  0.13425298E+02
   0.34586102E+02  0.13434240E+02
   0.34599293E+02  0.13443415E+02
   0.34612305E+02  0.13452829E+02
   0.34625118E+02  0.13462494E+02
   0.34637714E+02  0.13472419E+02
   0.34650085E+02  0.13482612E+02
   0.34662205E+02  0.13493088E+02
   0.34674049E+02  0.13503855E+02
   0.34685596E+02  0.13514927E+02
   0.34696812E+02  0.13526314E+02
   0.34707664E+02  0.13538032E+02
   0.34718121E+02  0.13550089E+02
   0.34728134E+02  0.13562501E+02
   0.34737659E+02  0.13575278E+02
   0.34746639E+02  0.13588428E+02
   0.34755016E+02  0.13601959E+02
   0.34762726E+02  0.13615873E+02
   0.34769684E+02  0.13630169E+02
   0.34775818E+02  0.13644833E+02
   0.34781040E+02  0.13659848E+02
   0.34785255E+02  0.13675179E+02
   0.34788380E+02  0.13690779E+02
   0.34790329E+02  0.13706584E+02
   0.34791035E+02  0.13722515E+02
   0.34790451E+02  0.13738474E+02
   0.34789585E+02  0.13747107E+02
