 307   1
   0.40769958E+02  0.17336096E+01
   0.40793682E+02  0.17646992E+01
   0.40803608E+02  0.18054090E+01
   0.40804504E+02  0.18463964E+01
   0.40800583E+02  0.18862491E+01
   0.40793774E+02  0.19250710E+01
   0.40784996E+02  0.19630631E+01
   0.40774788E+02  0.20003853E+01
   0.40763477E+02  0.20371540E+01
   0.40751274E+02  0.20734558E+01
   0.40738335E+02  0.21093583E+01
   0.40724781E+02  0.21449122E+01
   0.40710701E+02  0.21801569E+01
   0.40696148E+02  0.22151253E+01
   0.40681187E+02  0.22498448E+01
   0.40665867E+02  0.22843368E+01
   0.40650208E+02  0.23186207E+01
   0.40634254E+02  0.23527112E+01
   0.40618023E+02  0.23866229E+01
   0.40601543E+02  0.24203672E+01
   0.40584831E+02  0.24539540E+01
   0.40567902E+02  0.24873922E+01
   0.40550766E+02  0.25206895E+01
   0.40533451E+02  0.25538540E+01
   0.40515957E+02  0.25868907E+01
   0.40498295E+02  0.26198056E+01
   0.40480476E+02  0.26526031E+01
   0.40462509E+02  0.26852884E+01
   0.40444401E+02  0.27178648E+01
   0.40426159E+02  0.27503371E+01
   0.40407784E+02  0.27827067E+01
   0.40389294E+02  0.28149772E+01
   0.40370686E+02  0.28471518E+01
   0.40351963E+02  0.28792329E+01
   0.40333134E+02  0.29112220E+01
   0.40314205E+02  0.29431214E+01
   0.40295177E+02  0.29749322E+01
   0.40276054E+02  0.30066569E+01
   0.40256836E+02  0.30382969E+01
   0.40237537E+02  0.30698528E+01
   0.40218147E+02  0.31013262E+01
   0.40198677E+02  0.31327178E+01
   0.40179127E+02  0.31640289E+01
   0.40159504E+02  0.31952598E+01
   0.40139801E+02  0.32264109E+01
   0.40120033E+02  0.32574835E+01
   0.40100197E+02  0.32884777E+01
   0.40080288E+02  0.33193932E+01
   0.40060322E+02  0.33502316E+01
   0.40040291E+02  0.33809922E+01
   0.40020199E+02  0.34116755E+01
   0.40000046E+02  0.34422810E+01
   0.39979839E+02  0.34728107E+01
   0.39959576E+02  0.35032618E+01
   0.39939262E+02  0.35336375E+01
   0.39918896E+02  0.35639355E+01
   0.39898483E+02  0.35941577E+01
   0.39878014E+02  0.36243036E+01
   0.39857502E+02  0.36543736E+01
   0.39836937E+02  0.36843688E+01
   0.39816330E+02  0.37142909E+01
   0.39795673E+02  0.37441406E+01
   0.39774971E+02  0.37739210E+01
   0.39754219E+02  0.38036344E+01
   0.39733418E+02  0.38332851E+01
   0.39712566E+02  0.38628783E+01
   0.39691654E+02  0.38924205E+01
   0.39670677E+02  0.39219201E+01
   0.39649632E+02  0.39513886E+01
   0.39628510E+02  0.39808381E+01
   0.39607296E+02  0.40102859E+01
   0.39585976E+02  0.40397506E+01
   0.39564533E+02  0.40692549E+01
   0.39542953E+02  0.40988240E+01
   0.39521214E+02  0.41284847E+01
   0.39499290E+02  0.41582632E+01
   0.39477165E+02  0.41881857E+01
   0.39454819E+02  0.42182722E+01
   0.39432247E+02  0.42485361E+01
   0.39409439E+02  0.42789807E+01
   0.39386395E+02  0.43095980E+01
   0.39363125E+02  0.43403730E+01
   0.39339653E+02  0.43712783E+01
   0.39315998E+02  0.44022846E+01
   0.39292183E+02  0.44333601E+01
   0.39268230E+02  0.44644737E+01
   0.39244156E+02  0.44955950E+01
   0.39219978E+02  0.45267010E+01
   0.39195721E+02  0.45577703E+01
   0.39171391E+02  0.45887871E+01
   0.39146992E+02  0.46197381E+01
   0.39122540E+02  0.46506147E+01
   0.39098030E+02  0.46814089E+01
   0.39073475E+02  0.47121153E+01
   0.39048878E+02  0.47427311E+01
   0.39024231E+02  0.47732544E+01
   0.38999535E+02  0.48036819E+01
   0.38974800E+02  0.48340135E+01
   0.38950016E+02  0.48642483E+01
   0.38925186E+02  0.48943858E+01
   0.38900311E+02  0.49244266E+01
   0.38875385E+02  0.49543700E+01
   0.38850410E+02  0.49842148E+01
   0.38825382E+02  0.50139637E+01
   0.38800301E+02  0.50436144E+01
   0.38775162E+02  0.50731659E+01
   0.38749969E+02  0.51026206E+01
   0.38724716E+02  0.51319761E+01
   0.38699398E+02  0.51612325E+01
   0.38674026E+02  0.51903892E+01
   0.38648586E+02  0.52194452E+01
   0.38623077E+02  0.52483978E+01
   0.38597504E+02  0.52772474E+01
   0.38571857E+02  0.53059921E+01
   0.38546139E+02  0.53346310E+01
   0.38520340E+02  0.53631601E+01
   0.38494465E+02  0.53915792E+01
   0.38468510E+02  0.54198847E+01
   0.38442471E+02  0.54480743E+01
   0.38416340E+02  0.54761448E+01
   0.38390121E+02  0.55040927E+01
   0.38363815E+02  0.55319147E+01
   0.38337406E+02  0.55596070E+01
   0.38310898E+02  0.55871625E+01
   0.38284283E+02  0.56145782E+01
   0.38257565E+02  0.56418486E+01
   0.38230732E+02  0.56689668E+01
   0.38203781E+02  0.56959252E+01
   0.38176704E+02  0.57227159E+01
   0.38149498E+02  0.57493305E+01
   0.38122158E+02  0.57757597E+01
   0.38094673E+02  0.58019910E+01
   0.38067036E+02  0.58280125E+01
   0.38039242E+02  0.58538089E+01
   0.38011276E+02  0.58793650E+01
   0.37983139E+02  0.59046597E+01
   0.37954807E+02  0.59296713E+01
   0.37926270E+02  0.59543753E+01
   0.37897514E+02  0.59787402E+01
   0.37868526E+02  0.60027270E+01
   0.37839275E+02  0.60262952E+01
   0.37809753E+02  0.60493889E+01
   0.37779922E+02  0.60719428E+01
   0.37749752E+02  0.60938711E+01
   0.37719219E+02  0.61150656E+01
   0.37688271E+02  0.61353817E+01
   0.37656853E+02  0.61546240E+01
   0.37624912E+02  0.61725144E+01
   0.37592377E+02  0.61886473E+01
   0.37559196E+02  0.62023883E+01
   0.37525341E+02  0.62126832E+01
   0.37490978E+02  0.62176371E+01
   0.37456978E+02  0.62136331E+01
   0.37426727E+02  0.61945281E+01
   0.37407799E+02  0.61585150E+01
   0.37401772E+02  0.61172447E+01
   0.37403008E+02  0.60766315E+01
   0.37408234E+02  0.60371737E+01
   0.37415993E+02  0.59986911E+01
   0.37425495E+02  0.59609900E+01
   0.37436302E+02  0.59239244E+01
   0.37448139E+02  0.58873844E+01
   0.37460804E+02  0.58512897E+01
   0.37474152E+02  0.58155823E+01
   0.37488083E+02  0.57802110E+01
   0.37502525E+02  0.57451396E+01
   0.37517406E+02  0.57103367E+01
   0.37532673E+02  0.56757779E+01
   0.37548298E+02  0.56414394E+01
   0.37564240E+02  0.56073050E+01
   0.37580467E+02  0.55733595E+01
   0.37596951E+02  0.55395894E+01
   0.37613686E+02  0.55059843E+01
   0.37630642E+02  0.54725332E+01
   0.37647808E+02  0.54392281E+01
   0.37665165E+02  0.54060593E+01
   0.37682705E+02  0.53730226E+01
   0.37700413E+02  0.53401113E+01
   0.37718285E+02  0.53073192E+01
   0.37736309E+02  0.52746425E+01
   0.37754471E+02  0.52420774E+01
   0.37772770E+02  0.52096171E+01
   0.37791199E+02  0.51772609E+01
   0.37809753E+02  0.51450047E+01
   0.37828426E+02  0.51128459E+01
   0.37847210E+02  0.50807810E+01
   0.37866096E+02  0.50488081E+01
   0.37885086E+02  0.50169263E+01
   0.37904179E+02  0.49851322E+01
   0.37923367E+02  0.49534245E+01
   0.37942642E+02  0.49218016E+01
   0.37962006E+02  0.48902617E+01
   0.37981457E+02  0.48588037E+01
   0.38000984E+02  0.48274274E+01
   0.38020588E+02  0.47961311E+01
   0.38040276E+02  0.47649140E+01
   0.38060024E+02  0.47337751E+01
   0.38079853E+02  0.47027144E+01
   0.38099743E+02  0.46717315E+01
   0.38119701E+02  0.46408248E+01
   0.38139725E+02  0.46099949E+01
   0.38159805E+02  0.45792403E+01
   0.38179947E+02  0.45485635E+01
   0.38200142E+02  0.45179610E+01
   0.38220394E+02  0.44874349E+01
   0.38240704E+02  0.44569840E+01
   0.38261063E+02  0.44266095E+01
   0.38281464E+02  0.43963089E+01
   0.38301918E+02  0.43660846E+01
   0.38322430E+02  0.43359346E+01
   0.38342976E+02  0.43058586E+01
   0.38363571E+02  0.42758570E+01
   0.38384209E+02  0.42459273E+01
   0.38404892E+02  0.42160697E+01
   0.38425625E+02  0.41862817E+01
   0.38446392E+02  0.41565609E+01
   0.38467213E+02  0.41269035E+01
   0.38488079E+02  0.40973072E+01
   0.38509003E+02  0.40677638E+01
   0.38529972E+02  0.40382676E+01
   0.38551010E+02  0.40088091E+01
   0.38572117E+02  0.39793773E+01
   0.38593304E+02  0.39499571E+01
   0.38614582E+02  0.39205315E+01
   0.38635967E+02  0.38910809E+01
   0.38657482E+02  0.38615818E+01
   0.38679131E+02  0.38320081E+01
   0.38700958E+02  0.38023324E+01
   0.38722958E+02  0.37725286E+01
   0.38745171E+02  0.37425725E+01
   0.38767605E+02  0.37124455E+01
   0.38790260E+02  0.36821373E+01
   0.38813156E+02  0.36516473E+01
   0.38836277E+02  0.36209857E+01
   0.38859615E+02  0.35901725E+01
   0.38883152E+02  0.35592351E+01
   0.38906860E+02  0.35282042E+01
   0.38930717E+02  0.34971120E+01
   0.38954704E+02  0.34659891E+01
   0.38978806E+02  0.34348638E+01
   0.39002998E+02  0.34037585E+01
   0.39027264E+02  0.33726923E+01
   0.39051601E+02  0.33416812E+01
   0.39076000E+02  0.33107359E+01
   0.39100445E+02  0.32798665E+01
   0.39124947E+02  0.32490780E+01
   0.39149487E+02  0.32183759E+01
   0.39174065E+02  0.31877630E+01
   0.39198692E+02  0.31572418E+01
   0.39223366E+02  0.31268141E+01
   0.39248074E+02  0.30964799E+01
   0.39272831E+02  0.30662401E+01
   0.39297630E+02  0.30360949E+01
   0.39322472E+02  0.30060453E+01
   0.39347366E+02  0.29760904E+01
   0.39372307E+02  0.29462306E+01
   0.39397297E+02  0.29164655E+01
   0.39422337E+02  0.28867950E+01
   0.39447426E+02  0.28572214E+01
   0.39472572E+02  0.28277438E+01
   0.39497780E+02  0.27983613E+01
   0.39523045E+02  0.27690771E+01
   0.39548367E+02  0.27398906E+01
   0.39573757E+02  0.27108021E+01
   0.39599209E+02  0.26818135E+01
   0.39624729E+02  0.26529272E+01
   0.39650318E+02  0.26241434E+01
   0.39675976E+02  0.25954645E+01
   0.39701714E+02  0.25668919E+01
   0.39727524E+02  0.25384293E+01
   0.39753418E+02  0.25100784E+01
   0.39779392E+02  0.24818425E+01
   0.39805454E+02  0.24537230E+01
   0.39831604E+02  0.24257243E+01
   0.39857841E+02  0.23978498E+01
   0.39884182E+02  0.23701062E+01
   0.39910618E+02  0.23424957E+01
   0.39937164E+02  0.23150265E+01
   0.39963810E+02  0.22877018E+01
   0.39990574E+02  0.22605288E+01
   0.40017456E+02  0.22335150E+01
   0.40044460E+02  0.22066693E+01
   0.40071598E+02  0.21800013E+01
   0.40098869E+02  0.21535211E+01
   0.40126286E+02  0.21272383E+01
   0.40153851E+02  0.21011689E+01
   0.40181583E+02  0.20753267E+01
   0.40209488E+02  0.20497282E+01
   0.40237568E+02  0.20243974E+01
   0.40265850E+02  0.19993560E+01
   0.40294338E+02  0.19746312E+01
   0.40323051E+02  0.19502568E+01
   0.40352013E+02  0.19262714E+01
   0.40381237E+02  0.19027226E+01
   0.40410748E+02  0.18796725E+01
   0.40440578E+02  0.18571911E+01
   0.40470764E+02  0.18353738E+01
   0.40501339E+02  0.18143426E+01
   0.40532349E+02  0.17942628E+01
   0.40563858E+02  0.17753601E+01
   0.40595932E+02  0.17579613E+01
   0.40628635E+02  0.17425582E+01
   0.40662022E+02  0.17299416E+01
   0.40696079E+02  0.17214699E+01
   0.40730446E+02  0.17196785E+01
   0.40763504E+02  0.17293891E+01
   0.40769958E+02  0.17336096E+01
