 1  1  88.05670  46.76700  5.00  1975005 1975.00 199.000  1742.10  
 1  1  87.99570  44.29720  5.00  1975005 1975.00 199.000  2010.42  
 1  1  87.93360  42.31280  5.00  1975005 1975.00 200.000  1723.72  
 1  1  87.85320  40.55410  5.00  1975005 1975.00 200.000  1945.32  
 1  1  87.83360  38.41650  5.00  1975005 1975.00 203.000  1706.22  
 1  1  87.78640  38.78910  5.00  1975005 1975.00 203.000  1707.00  
 1  1  87.76210  36.72260  5.00  1975005 1975.00 203.000  1923.80  
 1  1  87.71440  34.82170  5.00  1975005 1975.00 205.000  1720.82  
 1  1  87.59460  33.74820  5.00  1975005 1975.00 205.000  1942.02  
 1  1  87.57190  29.80940  5.00  1975005 1975.00 206.000  1919.72  
 2  1  85.21260  47.50710  5.00  1975005 1975.00 203.000  1746.92  
 2  1  85.14400  46.66550  5.00  1975005 1975.00 203.000  1849.90  
 2  1  85.09790  45.70750  5.00  1975005 1975.00 205.000  1801.02  
 2  1  85.01440  43.88100  5.00  1975005 1975.00 206.000  1737.70  
 2  1  84.73040  40.71190  5.00  1975005 1975.00 300.000  1626.50  
 1  2  87.41440  26.13170  5.00  1975005 1975.00 300.000  1544.80  
 1  2  87.21040  17.11620  5.00  1975005 1975.00 301.000  1810.61  
 1  2  87.04110   7.71190  5.00  1975005 1975.00 304.000  1458.80  
 2  2  84.59400  38.59840  5.00  1975005 1975.00 300.000  1736.91  
 2  2  84.55780  36.16470  5.00  1975005 1975.00 301.000  1726.41  
 2  2  84.48440  33.01380  5.00  1975005 1975.00 302.000  1700.80  
 2  2  84.44150  31.63160  5.00  1975005 1975.00 304.000  1546.52  
 2  2  84.43360  29.50530  5.00  1975005 1975.00 304.000  1710.80  
31  3  86.89520   5.81130  5.00  1975005 1975.00 304.000  1755.20  
31  3  86.81230   3.29890  5.00  1975005 1975.00 305.000  1851.50  
 1  3  86.71070   0.40470  5.00  1975005 1975.00 305.000  2147.00  
 1  3  86.63420  -1.65940  5.00  1975005 1975.00 211.000  1611.22  
 2  3  84.38090  26.50810  5.00  1975005 1975.00 305.000  2101.00  
 2  3  84.32430  25.18320  5.00  1975005 1975.00 211.000  1651.22  
 2  3  84.24280  23.77080  5.00  1975005 1975.00 213.000  1705.30  
 2  3  84.21070  22.92580  5.00  1975005 1975.00 213.000  1817.00  
 2  3  84.16610  22.23860  5.00  1975005 1975.00 214.000  1732.13  
 2  3  84.45030  27.84470  5.00  1975005 1975.00 305.000  1935.30  
 1  4  86.48350  -3.19860  5.00  1975005 1975.00 213.000  1625.40  
 1  4  86.42220  -4.02240  5.00  1975005 1975.00 213.000  1906.00  
 1  4  86.35500  -4.71030  5.00  1975005 1975.00 214.000  1648.83  
 1  4  86.23360  -6.69260  5.00  1975005 1975.00 215.000  1612.00  
 2  4  83.82060  19.87670  5.00  1974003 1974.00 45.0000  1314.00  
 2  4  83.79010  19.40320  5.00  1974003 1974.00 45.0000  1253.02  
 2  4  83.75680  18.87850  5.00  1974003 1974.00 45.0000  1014.12  
 2  4  83.70820  18.48800  5.00  1974003 1974.00 41.0000  1501.60  
 2  4  83.66310  18.05180  5.00  1974003 1974.00 41.0000  1258.92  
 2  4  83.62370  17.66860  5.00  1974003 1974.00 41.0000  1230.20  
 1  5  85.91810  -6.62390  5.00  1974003 1974.00 45.0000  1357.20  
 1  5  85.77750  -8.31460  5.00  1974003 1974.00 41.0000  1408.32  
 1  5  85.58550 -10.42580  5.00  1974003 1974.00 38.0000  1734.58  
 2  5  83.53360  16.85840  5.00  1974003 1974.00 38.0000  1831.92  
 2  5  83.49170  16.40850  5.00  1974003 1974.00 38.0000  1621.92  
32  5  83.48870  14.99550  5.00  1974003 1974.00 38.0000  1407.18  
31  6  74.81440   2.32310  5.00  1166014 1966.00 267.000  1854.00 w
31  6  74.73800   2.40300  5.00  1973002 1973.00 119.000  1116.40 w
31  6  74.68300   2.24900  5.00  1973002 1973.00 119.000  1304.30 w
 1  6  74.50900   2.30900  5.00  1973002 1973.00 119.000  1553.58 w
 2  6  72.10030  13.94410  5.00  7069001 1969.00 38.0000  1324.18  
 2  6  72.05740  13.90420  5.00  7069001 1969.00 39.0000  1154.32  
 2  6  72.04820  13.78420  5.00  7069001 1969.00 40.0000    31.93  
 2  6  72.02950  13.68260  5.00  7069001 1969.00 40.0000  1611.17  
 2  6  72.02000  13.55200  5.00  7069001 1969.00 41.0000  1151.83  
 2  6  71.99060  13.32510  5.00  7069001 1969.00 42.0000  1552.60  
 2  6  71.98820  13.49090  5.00  7069001 1969.00 55.0000  1021.18  
 2  6  71.95530  13.25880  5.00  7069001 1969.00 43.0000  1419.10  
 2  6  71.93800  13.17350  5.00  7069001 1969.00 44.0000  1140.40  
 1  7  74.30500   0.37800  5.00  1973002 1973.00 123.000   834.30 w
 1  7  74.17900  -0.22000  5.00  1973002 1973.00 123.000  1327.08 w
 1  7  74.16530  -0.16800  5.00  1169011 1969.00 216.000   248.00 w
 1  7  74.12600  -0.55600  5.00  1973002 1973.00 123.000  1557.08 w
 1  7  74.05200  -0.82600  5.00  1973002 1973.00 125.000   915.38 w
 1  7  73.99900  -1.03900  5.00  1973002 1973.00 125.000  1141.90 w
 2  7  71.73600  11.48400  5.00  1973002 1973.00 125.000  1744.08  
 2  7  71.65900  11.29600  5.00  1973002 1973.00 127.000  1852.18  
 2  7  71.63320  11.02920  5.00  1169011 1969.00 217.000  1654.00  
 2  7  71.59500  10.82400  5.00  1973002 1973.00 127.000  2316.50  
 2  7  71.58500  10.61400  5.00  1973002 1973.00 129.000   946.58  
 2  7  71.54000  10.26080  5.00  1173016 1973.00 231.000  2042.00  
 2  7  71.52800  10.33300  5.00  1973002 1973.00 129.000  1929.58  
 1  8  73.96800  -1.65600  5.00  1973002 1973.00 125.000  1415.60 w
 1  8  73.94590  -1.51500  5.00  1166014 1966.00 272.000   845.00 w
 2  8  71.50200   9.89200  5.00  1973002 1973.00 129.000  1511.20  
 2  8  71.47500   9.63100  5.00  1973002 1973.00 129.000  1403.80  
 1  9  73.93800  -2.19600  5.00  1973002 1973.00 125.000  1636.18 w
 1  9  73.89000  -2.53200  5.00  1973002 1973.00 127.000  2001.70 w
 1  9  73.85350  -2.37740  5.00  1170015 1970.00 209.000  1506.00 w
 1  9  73.79550  -2.74186  5.00  1183004 1983.00 253.000  2320.00 w
 1  9  73.78100  -2.77300  5.00  1973002 1973.00 127.000  2209.70 w
 1  9  73.71700  -3.14000  5.00  1973002 1973.00 129.000  1051.00 w
 1  9  73.65700  -3.43370  5.00  2072004 1972.00 266.000  2157.20 w
 2  9  71.37500   9.46200  5.00  1973002 1973.00 131.000   943.18  
 2  9  71.35580   9.12310  5.00  1170016 1970.00 242.000  1636.00  
 2  9  71.32580   9.06900  5.00  1170015 1970.00 211.000    45.00  
 2  9  71.32100   9.10500  5.00  1973002 1973.00 131.000  1335.80  
 1 10  73.61200  -3.89600  5.00  1973002 1973.00 129.000  1253.00 w
 1 10  73.56190  -3.89160  5.00  1169011 1969.00 214.000   440.00 w
 1 10  73.51700  -4.03500  5.00  1973002 1973.00 129.000  1617.50 w
 2 10  71.21900   8.04200  5.00  1973002 1973.00 131.000  1838.00  
 2 10  71.17440   8.06640  5.00  1170015 1970.00 211.000   530.00  
 2 10  71.14800   8.07800  5.00  1973002 1973.00 142.000   752.30  
 1 11  73.50300  -4.60000  5.00  1973002 1973.00 131.000  1046.30 w
 1 11  73.39620  -5.10000  5.00  1169013 1969.00 245.000  1624.00 w
 1 11  73.33500  -5.36000  5.00  1973002 1973.00 131.000  1600.10 w
 2 11  71.17000   7.33100  5.00  1973002 1973.00 143.000   750.08  
 2 11  71.10500   7.06900  5.00  1973002 1973.00 143.000  1152.18  
 2 11  71.02500   6.59800  5.00  1973002 1973.00 143.000  1315.60  
 2 11  71.00170   6.55130  5.00  1166014 1966.00 273.000  1750.00  
 1 12  73.29000  -5.78200  5.00  1973002 1973.00 131.000  1720.00 w
 1 12  73.24000  -6.01000  5.00  1973002 1973.00 142.000   646.40 w
 2 12  70.99000   6.11900  5.00  1973002 1973.00 144.000   937.18  
 2 12  70.91700   6.00600  5.00  1973002 1973.00 155.000  1601.00  
 1 13  73.24000  -6.01000  5.00  1973002 1973.00 142.000   646.40 w
 1 13  73.17900  -6.51200  5.00  1973002 1973.00 143.000   900.80 w
 1 13  73.10300  -6.77300  5.00  1973002 1973.00 143.000  1046.00 w
 1 13  73.08820  -7.19450  5.00  1172011 1972.00 242.000  1724.00 w
 1 13  73.08500  -7.41950  5.00  1973002 1973.00 143.000  1426.60 w
 1 13  72.99600  -7.60400  5.00  1973002 1973.00 143.000  1601.00 w
 1 13  72.98700  -7.93000  5.00  1973002 1973.00 144.000  1048.90 w
 1 13  72.92380  -8.31860  5.00  1172011 1972.00 242.000   806.00 w
 1 13  72.88000  -8.41000  5.00  1973002 1973.00 144.000  1233.30 w
 1 13  72.78300  -8.61200  5.00  1973002 1973.00 145.000   934.80 w
 2 13  70.99000   6.11900  5.00  1973002 1973.00 144.000   937.18  
 2 13  70.91700   6.00600  5.00  1973002 1973.00 155.000  1601.00  
 2 13  70.90900   5.69200  5.00  1973002 1973.00 144.000  1338.00  
 2 13  70.87900   5.28700  5.00  1973002 1973.00 145.000   821.58  
 2 13  70.82600   4.84900  5.00  1973002 1973.00 145.000  1207.68  
 2 13  70.76700   4.50700  5.00  1973002 1973.00 145.000  1335.18  
 2 13  70.68500   4.20300  5.00  1973002 1973.00 145.000  1717.40  
 2 13  70.63560   4.00594  5.00  1183004 1983.00 252.000  2201.00  
 1 14  72.77100  -9.36000  5.00  1973002 1973.00 145.000  1059.00 w
 1 14  72.64900  -9.33100  5.00  1973002 1973.00 145.000  1446.50 w
 1 14  72.63000  -9.76400  5.00  1973002 1973.00 145.000  1606.80 w
 1 14  72.53500 -10.05000  5.00  1973002 1973.00 148.000   908.20 w
 1 14  72.49200 -10.42600  5.00  1973002 1973.00 148.000  1025.58 w
 1 14  72.40500 -10.73600  5.00  1973002 1973.00 148.000  1424.08 w
 1 14  72.31800 -11.16300  5.00  1973002 1973.00 148.000  1536.40 w
 2 14  70.52200   3.31800  5.00  1973002 1973.00 148.000  1312.79  
 2 14  70.49100   2.91200  5.00  1973002 1973.00 148.000  1653.40  
 2 14  70.47930   2.85180  5.00  1170015 1970.00 213.000   148.00  
 2 14  70.42600   2.61000  5.00  1973002 1973.00 149.000   744.90  
 2 14  70.40230   2.48710  5.00  1173016 1973.00 232.000  2054.00  
 2 14  70.37300   2.19600  5.00  1973002 1973.00 149.000  1107.10  
 1 15  72.30200 -11.72400  5.00  1973002 1973.00 149.000   853.58 w
 1 15  72.15800 -12.30900  5.00  1973002 1973.00 149.000  1339.90 w
31 15  72.14190 -11.90510  5.00  1172011 1972.00 240.000  1800.00 w
 2 15  70.37000   1.71500  5.00  1973002 1973.00 149.000  1233.30  
 2 15  70.28100   1.62600  5.00  1973002 1973.00 149.000  1553.18  
 2 15  70.21100   1.44300  5.00  1973002 1973.00 152.000   751.00  
 2 15  70.16900   1.06400  5.00  1973002 1973.00 155.000   910.00  
32 15  70.14200   0.46300  5.00  1973002 1973.00 155.000  1114.79  
 1 16  64.06930 -30.27010  5.00  1173014 1973.00 201.000   710.00 w
 1 16  63.90680 -30.54750  5.00  2072002 1972.00 209.000  1806.10 w
 1 16  63.81230 -30.62290  5.00  4177001 1977.00 208.000   949.00 w
31 16  63.80970 -30.74090  5.00  2072002 1972.00 209.000  2046.50 w
 1 16  63.80660 -30.71890  5.00  6072903 1972.00 361.000  2043.00 w
 2 16  62.66830 -18.13500  5.00  2171004 1975.00 147.000  1106.00  
 2 16  62.64780 -18.18320  5.00  2174011 1974.00 237.000  1941.07  
 2 16  62.63700 -18.39840  5.00  2174011 1974.00 238.000   953.25  
 2 16  62.61800 -18.23220  5.00  2174011 1974.00 238.000   926.50  
 2 16  62.58620 -18.22210  5.00  6573001 1973.00 16.0000  2031.00  
 2 16  62.51810 -18.34760  5.00  2174011 1974.00 238.000  1031.17  
 2 16  62.51300 -18.44540  5.00  2174011 1974.00 238.000  1054.00  
 2 16  62.50110 -18.50110  5.00  6573001 1973.00 11.0000  1944.00  
 2 16  62.43570 -18.46200  5.00  2174011 1974.00 238.000  1132.92  
 2 16  62.42040 -18.58310  5.00  2174011 1974.00 238.000  1153.58  
 2 16  62.37070 -18.64980  5.00  2174011 1974.00 238.000  1229.75  
 2 16  62.36090 -18.64450  5.00  1169008 1969.00 269.000  1140.00  
 2 16  62.35080 -18.64610  5.00  2174011 1974.00 238.000  1244.83  
 2 16  62.32230 -18.70830  5.00  2174011 1974.00 238.000  1313.83  
32 16  62.31650 -19.55670  5.00  2174011 1974.00 238.000  1445.78  
 2 16  62.27590 -18.78780  5.00  2174011 1974.00 238.000  1326.42  
 2 16  62.21000 -18.85030  5.00  2174011 1974.00 238.000  1352.42  
32 16  62.19000 -19.66820  5.00  2174011 1974.00 238.000  1507.67  
 2 16  62.14640 -18.91550  5.00  2174011 1974.00 238.000  1401.42  
 2 16  62.13000 -18.87070  5.00  6067001 1967.00 31.0000  1944.00  
 2 16  62.10060 -18.99940  5.00  2174011 1974.00 238.000  1430.50  
 2 16  62.08960 -18.91720  5.00  2070009 1970.00 227.000  1641.20  
 2 16  62.08030 -19.02810  5.00  8579003 1979.00 1.00000    40.00  
 2 16  62.03310 -19.07590  5.00  8579003 1979.00 2.00000   149.00  
 1 17  63.00030 -31.57600  5.00  8585001 1985.00 164.000  1417.00 w
 1 17  62.83600 -31.90570  5.00  8585001 1985.00 166.000  1307.00 w
 1 17  62.77940 -31.97760  5.00  4177002 1977.00 234.000   750.00 w
 1 17  62.61210 -32.19230  5.00  8585001 1985.00 165.000   310.00 w
 1 17  62.45500 -32.50010  5.00  8585001 1985.00 168.000   712.00 w
 1 17  62.25380 -32.90570  5.00  8585001 1985.00 169.000  1425.00 w
 1 17  62.07900 -33.07720  5.00  8585001 1985.00 170.000   947.00 w
 1 17  62.05570 -33.00090  5.00  1169010 1969.00 193.000  1418.00 w
 1 17  61.89740 -33.37480  5.00  8585001 1985.00 171.000  1359.00 w
 1 17  61.83690 -33.48370  5.00  8585001 1985.00 192.000  1656.00 w
 2 17  61.97720 -19.12610  5.00  6075002 1975.00 19.0000    20.00  
 2 17  61.92590 -19.36740  5.00  8579003 1979.00 5.00000   200.00  
 2 17  61.87330 -19.39660  5.00  8579003 1979.00 6.00000   306.00  
 2 17  61.86330 -19.43670  5.00  6075002 1975.00 1.00000  1250.00  
 2 17  61.80820 -19.39180  5.00  8579003 1979.00 7.00000   302.00  
 2 17  61.79670 -19.52650  5.00  8579003 1979.00 8.00000   246.00  
 2 17  61.77800 -19.53850  5.00  6076001 1976.00 353.000  2032.00  
 2 17  61.77720 -19.53830  5.00  1276006 1976.00 203.000  1550.00  
 2 17  61.75030 -19.50630  5.00  6075002 1975.00 22.0000    40.00  
 2 17  61.73890 -19.59900  5.00  8579003 1979.00 9.00000   322.00  
 2 17  61.71040 -19.72020  5.00  8579003 1979.00 10.00000   405.00  
 2 17  61.64820 -19.72120  5.00  8579003 1979.00 13.0000   120.00  
 2 17  61.63690 -19.72870  5.00  6075002 1975.00 19.0000  1110.00  
 2 17  61.61890 -19.82860  5.00  8579003 1979.00 14.0000   524.00  
 2 17  61.57960 -19.87840  5.00  8579003 1979.00 16.0000   605.00  
 2 17  61.48360 -20.02100  5.00  8579003 1979.00 19.0000   524.00  
 2 17  61.58180 -20.14640  5.00  8579003 1979.00 18.0000   519.00  
 2 17  61.48140 -20.21850  5.00  8579003 1979.00 20.0000   538.00  
 2 17  61.43600 -20.25910  5.00  6067001 1967.00 32.0000    33.00  
 2 17  61.43590 -20.27450  5.00  8579003 1979.00 21.0000   600.00  
 2 17  61.42330 -20.34080  5.00  6075002 1975.00 5.00000  2240.00  
 2 17  61.39190 -20.35490  5.00  8579003 1979.00 24.0000   358.00  
 2 17  61.36550 -20.46570  5.00  8579003 1979.00 25.0000   519.00  
 2 17  61.32290 -20.54840  5.00  8579003 1979.00 26.0000   617.00  
 2 17  61.28000 -20.64670  5.00  2172006 1972.00 296.000  1425.00  
 2 17  61.26940 -20.60440  5.00  8579003 1979.00 27.0000   452.00  
 2 17  61.22880 -20.69980  5.00  8579003 1979.00 28.0000   509.00  
 2 17  61.19330 -20.73940  5.00  6075002 1975.00 9.00000  2110.00  
 2 17  61.18750 -20.77700  5.00  8579003 1979.00 29.0000   524.00  
 2 17  61.16830 -20.84500  5.00  1170014 1970.00 268.000   112.00  
 2 17  61.13600 -20.81670  5.00  8579003 1979.00 30.0000   514.00  
 2 17  61.08090 -20.84690  5.00  8579003 1979.00 32.0000   243.00  
 2 17  61.04270 -20.94140  5.00  8579003 1979.00 33.0000   530.00  
 2 17  61.02850 -21.11730  5.00  8579003 1979.00 34.0000   421.00  
 2 17  60.98640 -21.18460  5.00  8579003 1979.00 35.0000   447.00  
 2 17  60.95830 -21.06870  5.00  6067001 1967.00 34.0000  1821.00  
 2 17  60.93110 -21.22020  5.00  8579003 1979.00 36.0000   535.00  
 2 17  60.90450 -21.34930  5.00  8579003 1979.00 37.0000   518.00  
 2 17  60.84990 -21.43700  5.00  8579003 1979.00 38.0000   520.00  
 1 18  61.52280 -34.04070  5.00  8585001 1985.00 175.000  1449.00 w
 1 18  61.33820 -34.09410  5.00  8585001 1985.00 177.000  1752.00 w
 1 18  61.15360 -34.22560  5.00  8585001 1985.00 203.000   324.00 w
32 19  60.75350 -21.80290  5.00  8579003 1979.00 43.0000   426.00  
32 19  60.69000 -21.82890  5.00  8579003 1979.00 44.0000   509.00  
32 19  60.66320 -21.73640  5.00  8579003 1979.00 44.0000   522.00  
32 19  60.63970 -21.88520  5.00  8579003 1979.00 46.0000   508.00  
32 19  60.58880 -21.93760  5.00  8579003 1979.00 48.0000   219.00  
32 19  60.52280 -21.95280  5.00  8579003 1979.00 50.0000   512.00  
32 19  60.46860 -22.01130  5.00  8579003 1979.00 51.0000   534.00  
32 19  60.41600 -22.07280  5.00  8579003 1979.00 52.0000   537.00  
32 19  60.36510 -22.12200  5.00  8579003 1979.00 53.0000   536.00  
32 19  60.30520 -22.16570  5.00  8579003 1979.00 55.0000   444.00  
32 19  60.25110 -22.21120  5.00  8579003 1979.00 56.0000   500.00  
 2 18  60.19910 -22.53310  5.00  8579003 1979.00 58.0000   526.00  
 2 18  60.14610 -22.57940  5.00  8579003 1979.00 59.0000   501.00  
 2 18  60.09360 -22.63800  5.00  8579003 1979.00 60.0000   527.00  
 2 18  60.04970 -22.69640  5.00  8579003 1979.00 61.0000   516.00
 1 19  60.96740 -34.69030  5.00  8585001 1985.00 202.000  1756.00 w
 1 19  60.86810 -34.77770  5.00  8585001 1985.00 163.000  2303.00 w
 1 19  60.82700 -34.77490  5.00  6067001 1967.00 29.0000   444.00 w
 1 19  60.78720 -34.81300  5.00  8585001 1985.00 200.000  1424.00 w
 2 19  59.99780 -22.99090  5.00  8579003 1979.00 65.0000   424.00  
 2 19  59.96200 -23.09290  5.00  8579003 1979.00 66.0000   424.00  
 2 19  59.89990 -23.11350  5.00  8579003 1979.00 67.0000   437.00  
 2 19  59.84970 -23.16050  5.00  8579003 1979.00 68.0000   344.00  
 2 19  59.83960 -23.13490  5.00  6067001 1967.00 32.0000  1309.00  
 2 19  59.78120 -23.17840  5.00  8579003 1979.00 70.0000   332.00  
 2 19  59.73320 -23.22630  5.00  8579003 1979.00 71.0000   510.00  
 2 19  59.66850 -23.26020  5.00  8579003 1979.00 74.0000   244.00  
 1 20  60.61950 -35.18590  5.00  8585001 1985.00 199.000   514.00 w
 1 20  60.61230 -35.18310  5.00  8585001 1985.00 229.000  1554.00 w
 1 20  60.53200 -35.15960  5.00  1170013 1970.00 195.000   242.00 w
 1 20  60.42070 -35.22690  5.00  8585001 1985.00 195.000  1138.00 w  
 1 20  60.23550 -35.52690  5.00  8585001 1985.00 190.000    22.00 w
 1 20  60.05180 -35.89410  5.00  8585001 1985.00 187.000  1837.00 w
 2 20  59.59100 -23.40870  5.00  8579003 1979.00 77.0000   454.00  
 2 20  59.52120 -23.56900  5.00  8579003 1979.00 79.0000   536.00  
 2 20  59.46810 -23.58730  5.00  8579003 1979.00 80.0000   458.00  
 2 20  59.42260 -23.65750  5.00  8579003 1979.00 81.0000   438.00  
 2 20  59.37080 -23.71070  5.00  8579003 1979.00 82.0000   513.00  
 2 20  59.33530 -23.76750  5.00  1169008 1969.00 270.000  2321.00  
 2 20  59.33380 -23.83260  5.00  8579003 1979.00 83.0000   528.00  
 2 20  59.30450 -23.93010  5.00  8579003 1979.00 84.0000   359.00  
 2 20  59.27850 -24.04510  5.00  8579003 1979.00 85.0000   455.00  
 2 20  59.23360 -24.08370  5.00  8579003 1979.00 86.0000   456.00  
 2 20  59.16910 -24.12360  5.00  8579003 1979.00 87.0000   429.00  
 2 20  59.16010 -24.15180  5.00  3177001 1977.00 190.000  1050.00  
 2 20  59.12930 -24.18340  5.00  8579003 1979.00 88.0000   352.00  
 2 20  59.09610 -24.25860  5.00  8579003 1979.00 89.0000   511.00  
 2 20  59.07700 -24.30190  5.00  2070009 1970.00 233.000  1214.30  
 2 20  59.04480 -24.31420  5.00  8579003 1979.00 90.0000   454.00     
 1 21  59.86740 -35.99240  5.00  8585001 1985.00 185.000   712.00 w
 1 21  59.83740 -35.97340  5.00  2071002 1971.00 168.000  1610.00 w
 1 21  59.82230 -36.15950  5.00  1166012 1966.00 233.000  1105.00 w
 1 21  59.67740 -36.20410  5.00  8585001 1985.00 161.000   628.00 w
 1 21  59.48830 -36.22220  5.00  8585001 1985.00 160.000   324.00 w
 2 21  59.01610 -24.38970  5.00  1270004 1970.00 194.000  2105.00
 2 21  58.95510 -24.41100  5.00  2070009 1970.00 240.000  1356.60  
 2 21  58.82390 -24.48200  5.00  2070009 1970.00 242.000  2017.20  
 2 21  58.69990 -24.57310  5.00  2070009 1970.00 246.000  1126.90 
 1 22  59.14680 -36.97090  5.00  8585001 1985.00 206.000  1107.00 w
 1 22  58.97020 -36.98360  5.00  8585001 1985.00 207.000   957.00 w
 1 22  58.78180 -37.05140  5.00  8585001 1985.00 208.000  1218.00 w
 2 22  58.48330 -25.26010  5.00  2070009 1970.00 244.000  2334.90  
 2 22  58.39980 -25.23280  5.00  2070010 1970.00 258.000   607.80  
 2 22  58.39800 -25.24750  5.00  2070010 1970.00 258.000   526.10  
 2 22  58.37520 -25.27060  5.00  2070010 1970.00 258.000  1139.30  
 2 22  58.27100 -25.32140  5.00  2070010 1970.00 259.000  1924.30  
 2 22  58.07550 -25.43960  5.00  2070010 1970.00 262.000    22.80  
 1 23  58.61030 -37.59650  5.00  8585001 1985.00 209.000  1135.00 w
 1 23  58.48480 -37.71760  5.00  1270004 1970.00 191.000   445.00 w
 1 23  58.43490 -37.76490  5.00  8585001 1985.00 210.000  1123.00 w
 1 23  58.22410 -38.22340  5.00  1173014 1973.00 195.000  1124.00 w
31 23  58.06900 -38.24660  5.00  8585001 1985.00 212.000   956.00 w
31 23  58.01550 -38.45720  5.00  2073011 1973.00 284.000  1454.00 w
31 23  57.54050 -39.28120  5.00  8585001 1985.00 217.000  2344.00 w
 2 23  57.85640 -26.05660  5.00  2070010 1970.00 263.000   652.30  
 2 23  57.71620 -26.37520  5.00  1276006 1976.00 223.000    45.00  
 2 23  57.69740 -26.37950  5.00  6076001 1976.00 355.000   410.00  
 2 23  57.56410 -26.73970  5.00  1178006 1978.00 213.000   842.00   
31 25  57.34520 -39.70950  5.00  8585001 1985.00 219.000   744.00 w
31 25  57.28870 -39.70500  5.00  2071002 1971.00 170.000   244.00 w
31 25  57.23980 -39.78110  5.00  1173013 1973.00 161.000  1712.00 w
31 25  57.18230 -39.83080  5.00  8585001 1985.00 220.000   853.00 w
31 25  57.13360 -39.73000  5.00  8585001 1985.00 230.000   851.00 w
31 25  57.00520 -39.77730  5.00  8585001 1985.00 181.000  1404.00 w
31 25  56.99640 -39.85930  5.00  8579001 1979.00 1.00000  1832.00 w
 2 23  57.16930 -27.46970  5.00  6067001 1967.00 36.0000   715.00  
 2 23  57.02970 -27.89550  5.00  3177002 1977.00 175.000  2034.00  
 2 23  56.75620 -28.40030  5.00  1585001 1985.00 231.000  1335.00  
 1 24  56.93660 -40.83310  5.00  1173014 1973.00 190.000  1824.00 w
 1 24  56.72760 -40.89580  5.00  1173014 1973.00 189.000  2048.00 w
 1 24  56.69170 -40.92090  5.00  1173013 1973.00 161.000   418.00 w
 1 24  56.63050 -40.86600  5.00  8579001 1979.00 22.0000  1723.00 w
 1 24  56.52530 -40.84300  5.00  2072001 1972.00 200.000    46.00 w
 1 24  56.47280 -40.86300  5.00  1173013 1973.00 160.000  2136.00 w
 1 24  56.35300 -40.82290  5.00  1173014 1973.00 193.000   900.00 w
 1 24  56.29940 -40.89150  5.00  8579001 1979.00 31.0000  1737.00 w
 1 24  56.16200 -40.94880  5.00  1173013 1973.00 160.000   324.00 w
 2 24  56.03110 -29.50540  5.00  1169008 1969.00 274.000  1333.00 
 2 24  55.36900 -29.92820  5.00  3177002 1977.00 192.000   606.00  
 1 25  55.93000 -41.14890  5.00  8579001 1979.00 33.0000  1644.00 w
 1 25  55.70310 -41.12330  5.00  1173013 1973.00 158.000   512.00 w
 1 25  55.63110 -41.20730  5.00  8579001 1979.00 35.0000  1706.00 w
 1 25  55.30150 -41.19520  5.00  8579001 1979.00 37.0000  1712.00 w
 1 25  54.90230 -41.15150  5.00  8579001 1979.00 39.0000  1816.00 w
 1 25  54.81050 -41.09700  5.00  1173013 1973.00 157.000   312.00 w
 1 25  54.52890 -41.12130  5.00  8579001 1979.00 41.0000  1807.00 w
 1 25  54.17550 -41.10560  5.00  8579001 1979.00 43.0000  1757.00 w
 1 25  54.12840 -41.13750  5.00  8579004 1979.00 70.0000  1102.00 w
 2 25  54.97500 -29.95670  5.00  2172002 1972.00 128.000  1627.00  
 2 25  54.86330 -30.01500  5.00  2173014 1973.00 220.000   831.00  
 2 25  54.22330 -30.03670  5.00  2172005 1972.00 202.000  1115.00  
 2 25  54.04450 -30.08860  5.00  4069004 1969.00 226.000  1725.00  
 1 26  52.12610 -35.70400  5.00  1173013 1973.00 152.000  1812.00 w
 1 26  51.98890 -35.66590  5.00  1377007 1977.00 208.000   618.00 w
 1 26  51.97420 -35.66520  5.00  8579004 1980.00 52.0000  2001.00 w
 1 26  51.97060 -35.65240  5.00  8579001 1979.00 13.0000   740.00 w
 1 26  51.61650 -35.64170  5.00  8579001 1979.00 15.0000   702.00 w
 1 26  51.56000 -35.62830  5.00  1283006 1983.00 226.000   230.00 w
31 26  51.24370 -35.36890  5.00  8579001 1979.00 17.0000   801.00 w on fz
 2 26  51.36330 -25.41170  5.00  2174007 1974.00 277.000   751.00  
32 32  50.60170 -24.98500  5.00  2173014 1973.00 254.000   558.00  
 1 27  48.58000 -32.45830  5.00  2174008 1974.00 345.000   400.00 w
 2 27  48.91670 -23.11000  5.00  2173013 1973.00 232.000  2114.00  
 2 27  48.61790 -23.01660  5.00  1172003 1972.00 207.000  1010.00  
 2 27  48.57930 -23.04250  5.00  5082901 1982.00 38.0000  1526.00  
 2 27  48.19830 -22.96500  5.00  2172006 1972.00 322.000  1650.00  
 2 27  48.11670 -22.92170  5.00  2175003 1975.00 101.0000   637.00  
31 28  43.83820 -33.33330  5.00  1178001 1978.00 296.000   710.00 w
31 28  43.65100 -33.52300  5.00  1367007 1967.00 141.000   107.00 w
 1 28  43.38790 -33.66760  5.00  4189002 1989.00 102.0000   705.00 w
 1 28  43.12100 -33.75400  5.00  5065007 1965.00 180.000   925.00 w
 2 28  43.25520 -24.12270  5.00  3170901 1970.00 133.000   847.00  
 2 28  43.10400 -24.14000  5.00  5065007 1965.00 182.000   915.00  
 2 28  42.89110 -24.20360  5.00  3170901 1970.00 127.000    26.00 
32 28  42.16750 -24.49690  5.00  4189001 1989.00 83.0000  1220.00  
32 28  41.68950 -24.78090  5.00  3072901 1972.00 159.000  2245.00  
32 28  41.64990 -24.66940  5.00  3178904 1978.00 163.000   320.00   
 1 29  42.62950 -33.69080  5.00  5082901 1982.00 42.0000   641.00 w
31 29  42.56400 -33.61400  5.00  1368001 1968.00 252.000  2355.00 w 
32 29  41.30000 -24.64870  5.00  4179004 1979.00 279.000   315.00
 2 29  41.23140 -24.68090  5.00  4189001 1989.00 85.0000  1319.00  
 2 29  41.22340 -24.60800  5.00  5168003 1968.00 298.000   137.00  
 2 29  40.93130 -24.81380  5.00  1169009 1969.00 307.000  1918.00  
 2 29  40.70970 -24.85610  5.00  5180003 1980.00 159.000   822.00  
 2 29  40.53200 -24.88030  5.00  3175001 1975.00 206.000  1820.00  
 2 29  40.50450 -24.92230  5.00  5171003 1971.00 62.0000  2357.00
31 30  40.95820 -33.99510  5.00  5168002 1968.00 151.000  1456.00 w 
31 30  39.84610 -34.45650  5.00  5182003 1982.00 199.000  1715.00 w
31 30  39.44330 -34.72510  5.00  5168001 1968.00 132.000   944.00 w
31 30  39.16160 -34.78800  5.00  4189002 1989.00 94.0000  1047.00 w
31 30  39.00550 -34.89940  5.00  1281006 1981.00 265.000   250.00 w
31 30  38.95910 -34.94110  5.00  1281006 1981.00 264.000  2355.00 w
32 30  40.10170 -24.87040  5.00  5173002 1973.00 327.000  2252.00  
32 30  39.94300 -25.03100  5.00  5065006 1965.00 157.000     0.00  
32 30  39.69500 -25.21350  5.00  3175001 1975.00 208.000   712.00  
32 30  39.57560 -25.33460  5.00  3178904 1978.00 164.000   956.00  
 1 30  52.95900 319.06100  5.00
 1 30  52.95900 319.44700  5.00 
 1 30  52.94600 323.77500  5.00 
 1 30  52.92900 324.13300  5.00 
 2 30  52.42300 330.14300  5.00 
 2 30  52.42300 330.41800  5.00 
 2 30  52.30000 333.89200  5.00 
 2 30  52.30300 334.38800  5.00 
 1 31  51.23700 324.35400  5.00 
 1 31  51.23700 324.71200  5.00 
31 31  51.25000 326.83500 10.00 
 1 31  51.20000 327.16500  5.00 
 2 31  50.35400 334.96700  5.00 
 2 31  50.33600 335.38000  5.00 
32 31  50.21900 336.31800  8.00 
 2 31  50.21900 337.00000  5.00
