 1  1  88.47930  44.56700  5.00  1975005 1975.00 199.000  1735.60  
 1  1  88.32520  36.38860  5.00  1975005 1975.00 200.000  1952.52  
 1  1  88.31930  42.25010  5.00  1975005 1975.00 199.000  2015.42  
 1  1  88.29040  39.75080  5.00  1975005 1975.00 200.000  1718.70  
 1  1  88.13360  35.58730  5.00  1975005 1975.00 203.000  1701.42  
 1  1  88.07480  33.49070  5.00  1975005 1975.00 203.000  1928.00  
 1  1  88.00550  31.67800  5.00  1975005 1975.00 205.000  1716.30  
 1  1  87.96960  29.64510  5.00  1975005 1975.00 205.000  1947.80  
 1  1  87.87180  28.45510  5.00  1975005 1975.00 206.000  1655.10  
 1  1  87.77530  27.32910  5.00  1975005 1975.00 206.000  1923.00  
 2  1  84.67100  47.43750  5.00  1975005 1975.00 203.000  1843.90  
 2  1  84.66830  48.25780  5.00  1975005 1975.00 203.000  1755.22  
 2  1  84.66320  46.39400  5.00  1975005 1975.00 205.000  1807.90  
 2  1  84.57170  45.74170  5.00  1975005 1975.00 205.000  1859.00  
 2  1  84.53760  44.84380  5.00  1975005 1975.00 206.000  1744.72  
 2  1  84.47070  44.07070  5.00  1975005 1975.00 206.000  1834.92
 1  2  87.68770  22.52760  5.00  1975005 1975.00 300.000  1540.09  
 1  2  87.57310  18.83950  5.00  1975005 1975.00 300.000  1827.50  
 1  2  87.54510  15.56560  5.00  1975005 1975.00 301.000  1523.59  
 1  2  87.46190  12.70440  5.00  1975005 1975.00 301.000  1815.50  
 1  2  87.37010   9.83020  5.00  1975005 1975.00 302.000  1451.59   
 1  2  87.23670   7.61160  5.00  1975005 1975.00 302.000  1751.70 
 2  2  84.31420  41.68250  5.00  1975005 1975.00 300.000  1632.59  
 2  2  84.20660  39.58940  5.00  1975005 1975.00 300.000  1730.50  
 2  2  84.19300  38.90240  5.00  1975005 1975.00 301.000  1618.41  
 2  2  84.14390  37.47530  5.00  1975005 1975.00 301.000  1719.80  
 2  2  84.08810  36.09610  5.00  1975005 1975.00 302.000  1545.59 
 2  2  84.02240  34.74910  5.00  1975005 1975.00 302.000  1652.91
 1  3  87.26450   2.52250  5.00  1975005 1975.00 304.000  1453.50 
 1  3  87.15160  -0.40440  5.00  1975005 1975.00 304.000  1801.30  
 1  3  87.04400  -2.65760  5.00  1975005 1975.00 305.000  1845.91  
 1  3  86.92730  -5.70840  5.00  1975005 1975.00 305.000  2153.20  
 1  3  86.80940  -6.74330  5.00  1975005 1975.00 211.000  1606.70  
 1  3  86.67510  -8.69890  5.00  1975005 1975.00 213.000  1620.50  
 1  3  86.60700  -9.68680  5.00  1975005 1975.00 213.000  1912.10
 2  3  84.14110  32.85990  5.00  1975005 1975.00 304.000  1551.59  
 2  3  84.04170  31.21770  5.00  1975005 1975.00 304.000  1704.50  
 2  3  84.01820  29.90460  5.00  1975005 1975.00 305.000  1942.30  
 2  3  83.95700  28.66470  5.00  1975005 1975.00 305.000  2053.80  
 2  3  83.92170  27.38740  5.00  1975005 1975.00 211.000  1657.22  
 2  3  83.84480  25.96150  5.00  1975005 1975.00 213.000  1710.83  
 2  3  83.80740  25.23990  5.00  1975005 1975.00 213.000  1809.40
 1  4  86.51340  -9.44250  5.00  1975005 1975.00 214.000  1644.20  
 1  4  86.44060 -10.23820  5.00  1975005 1975.00 214.000  1931.92  
 1  4  86.36180 -10.65960  5.00  1975005 1975.00 215.000  1607.63  
 1  4  86.27970 -11.09870  5.00  1975005 1975.00 215.000  1851.82 
 2  4  83.75990  23.68260  5.00  1975005 1975.00 214.000  1834.80  
 2  4  83.75820  24.62380  5.00  1975005 1975.00 214.000  1739.02  
 2  4  83.64770  23.38960  5.00  1975005 1975.00 215.000  1702.60  
 2  4  83.60430  22.74780  5.00  1975005 1975.00 215.000  1754.40  
 2  4  83.46270  22.39540  5.00  1974003 1974.00 45.0000  1307.82
 1  5  86.09680 -11.25610  5.00  1974003 1974.00 45.0000  1402.30  
 1  5  86.03820 -11.27850  5.00  1974003 1974.00 45.0000  1154.83  
 1  5  85.98540 -12.08400  5.00  1974003 1974.00 45.0000  1101.42  
 1  5  85.93820 -12.50590  5.00  1974003 1974.00 41.0000  1402.62  
 1  5  85.87900 -12.92650  5.00  1974003 1974.00 41.0000  1349.33  
 1  5  85.84950 -13.90270  5.00  1974003 1974.00 41.0000  1132.00  
 1  5  85.79850 -14.53250  5.00  1974003 1974.00 41.0000  1121.72  
 2  5  83.42790  22.03520  5.00  1974003 1974.00 45.0000  1300.80  
 2  5  83.29640  21.48830  5.00  1974003 1974.00 41.0000  1510.63  
 2  5  83.23950  20.49770  5.00  1974003 1974.00 41.0000  1238.68  
 2  5  83.16010  19.69810  5.00  1974003 1974.00 38.0000  1841.03    
 1  6  56.55060 -42.24750  5.00  1173014 1973.00 189.000  1530.00 w
 1  6  56.50960 -42.28280  5.00  1173014 1973.00 193.000  1636.00 w
 1  6  56.28350 -42.30230  5.00  8579001 1979.00 31.0000  1442.00 w
 1  6  55.92950 -42.33310  5.00  8579001 1979.00 33.0000  1416.00 w
 2  6  56.12060 -28.46090  5.00  1169008 1969.00 274.000   840.00  
 2  6  55.95350 -28.52570  5.00  3177002 1977.00 192.000    16.00
 2  6  55.48500 -28.64350  5.00  3177002 1977.00 175.000  1326.00   
 1  7  55.71660 -42.47460  5.00  2072001 1972.00 199.000  1735.70 w
 1  7  55.65430 -42.44730  5.00  1173013 1973.00 158.000    36.00 w
 1  7  55.59100 -42.44250  5.00  8579001 1979.00 35.0000  1430.00 w
 1  7  55.28620 -42.39730  5.00  8579001 1979.00 37.0000  1439.00 w
 1  7  54.89610 -42.34720  5.00  8579001 1979.00 39.0000  1543.00 w
 1  7  54.88840 -42.36230  5.00  1173013 1973.00 157.000   812.00 w
 1  7  54.51990 -42.29260  5.00  8579001 1979.00 41.0000  1535.00 w
 1  7  54.15580 -42.40120  5.00  8579001 1979.00 43.0000  1508.00 w
 2  7  54.88000 -28.89670  5.00  2173014 1973.00 220.000  1606.00  
 2  7  54.86000 -28.88000  5.00  2173014 1973.00 251.000   615.00  
 2  7  54.74720 -28.87790  5.00  6072001 1972.00 341.000  1956.00  
 2  7  54.74500 -28.86830  5.00  2172002 1972.00 128.000  1958.00  
 2  7  54.30100 -28.89340  5.00  4069004 1969.00 226.000  1154.00  
 2  7  54.23240 -28.98100  5.00  6067001 1967.00 29.0000  2137.00  
 2  7  54.19670 -28.93500  5.00  2173015 1973.00 149.000  1729.00 
 1  8  53.80150 -42.16840  5.00  8579001 1979.00 2.00000  1613.00 w
 1  8  53.68190 -42.17310  5.00  8579004 1979.00 141.000  1037.00 w
 1  8  53.44980 -42.14890  5.00   285001 1986.00 7951.00  1249.00 w
 1  8  53.42470 -42.18100  5.00  8579001 1979.00 4.00000  1559.00 w
 1  8  53.30830 -42.10100  5.00  2075004 1975.00 285.000  1503.20 w
 1  8  53.21890 -42.07370  5.00  8579004 1979.00 209.000  1743.00 w
 1  8  53.18410 -42.05000  5.00   285001 1986.00 7327.00   659.00 w
 1  8  53.06330 -42.03880  5.00  8579001 1979.00 6.00000  1631.00 w
 1  8  53.01690 -42.01450  5.00    78016 1978.00 160.000    53.00 
 1  8  52.92070 -41.96700  5.00  1178006 1978.00 210.000    20.00 w
 1  8  52.91090 -41.96090  5.00   285001 1986.00 6979.00  1419.00 w 
 2  8  52.89940 -28.96730  5.00  1283006 1983.00 218.000   730.00  
 1  9  52.14410 -36.74630  5.00  8579004 1979.00 352.000   104.00 w
 1  9  51.96510 -36.71770  5.00  8579001 1979.00 13.0000   514.00 w
 1  9  51.61270 -36.65570  5.00  8579001 1979.00 15.0000   441.00 w
 1  9  51.37590 -36.66960  5.00  1283006 1983.00 226.000   640.00 w
 1  9  51.37230 -36.67290  5.00  1377007 1977.00 208.000  1136.00 w
 1  9  51.24240 -36.60370  5.00  8579001 1979.00 17.0000   509.00 w
 2  9  51.22330 -24.03170  5.00  2173013 1973.00 229.000  1821.00  
 2  9  51.22330 -24.03160  5.00  1366004 1966.00 200.000  1259.00  
 2  9  51.21570 -24.04950  5.00  1166007 1966.00 292.000  2130.00
 2  9  50.48170 -24.00830  5.00  2173014 1973.00 254.000   859.00  
32 10  50.05270 -23.36720  5.00  1178001 1978.00 292.000  1340.00  
  
 
