 21
 1  1  88.66820  43.14800  5.00  1975005 1975.00 199.000  1732.60  
 1  1  88.57820  39.94690  5.00  1975005 1975.00 199.000  2019.42  
 1  1  88.51540  37.47300  5.00  1975005 1975.00 200.000  1715.50  
 1  1  88.47140  34.42710  5.00  1975005 1975.00 200.000  1954.90  
 1  1  88.34950  32.89870  5.00  1975005 1975.00 203.000  1657.92  
 1  1  88.30430  30.29710  5.00  1975005 1975.00 203.000  1931.12  
 1  1  88.23830  28.40580  5.00  1975005 1975.00 205.000  1712.60  
 1  1  88.17050  26.69170  5.00  1975005 1975.00 205.000  1951.00  
 1  1  88.07710  25.33470  5.00  1975005 1975.00 206.000  1651.80  
 1  1  88.02270  23.44760  5.00  1975005 1975.00 206.000  1927.02  
 2  1  84.58100  51.81740  5.00  1975005 1975.00 199.000  1833.70  
 2  1  84.52930  50.95790  5.00  1975005 1975.00 199.000  1916.40  
 2  1  84.44390  50.17480  5.00  1975005 1975.00 200.000  1812.52  
32  1  84.43190  46.85020  5.00  1975005 1975.00 205.000  1811.52 mis
 2  1  84.37980  49.54990  5.00  1975005 1975.00 200.000  1852.22 mis  
32  1  84.37980  46.05440  5.00  1975005 1975.00 205.000  1856.32 mis 
32  1  84.29670  45.27280  5.00  1975005 1975.00 206.000  1748.32 mis 
 2  1  84.24360  48.76800  5.00  1975005 1975.00 203.000  1801.90 mis 
 2  1  84.20930  48.04360  5.00  1975005 1975.00 203.000  1838.10 mis
 1  2  87.90520  18.81110  5.00  1975005 1975.00 300.000  1536.09  
 1  2  87.83510  13.96820  5.00  1975005 1975.00 300.000  1832.50  
 1  2  87.64560   8.58300  5.00  1975005 1975.00 301.000  1819.30  
 1  2  87.52860   6.12180  5.00  1975005 1975.00 302.000  1448.09
31  2  87.82090   9.51920  5.00  1975005 1975.00 301.000  1517.50
 2  2  84.06190  42.20740  5.00  1975005 1975.00 300.000  1636.30  
 2  2  84.00130  40.07010  5.00  1975005 1975.00 300.000  1727.09  
 2  2  83.98030  39.45640  5.00  1975005 1975.00 301.000  1621.70 
32  1  83.82750  38.37290  5.00  1975005 1975.00 301.000  1714.70
 1  3  87.48580   1.14050  5.00  1975005 1975.00 302.000  1757.20  
 1  3  87.38570  -1.02090  5.00  1975005 1975.00 304.000  1450.30  
 1  3  87.25800  -3.63980  5.00  1975005 1975.00 304.000  1804.09  
 1  3  87.15400  -6.24530  5.00  1975005 1975.00 305.000  1843.20  
 1  3  87.03380  -9.61140  5.00  1975005 1975.00 305.000  2156.80  
 1  3  86.91990 -10.96370  5.00  1975005 1975.00 211.000  1603.22  
 1  3  86.78170 -12.67380  5.00  1975005 1975.00 213.000  1617.20  
 1  3  86.71970 -14.14120  5.00  1975005 1975.00 213.000  1916.52  
 1  3  86.63450 -14.17550  5.00  1975005 1975.00 214.000  1640.00  
 1  3  86.55370 -14.66230  5.00  1975005 1975.00 214.000  1936.23
 2  3  83.87920  36.74330  5.00  1975005 1975.00 302.000  1548.52  
 2  3  83.83940  35.35190  5.00  1975005 1975.00 302.000  1649.80  
 2  3  83.81250  34.05570  5.00  1975005 1975.00 304.000  1557.00  
 2  3  83.79390  32.16860  5.00  1975005 1975.00 304.000  1700.80  
32  3  83.77440  45.29890  5.00  1975005 1975.00 206.000  1825.00 mis
 2  3  83.75970  30.97760  5.00  1975005 1975.00 305.000  1946.30  
 2  3  83.70200  29.79990  5.00  1975005 1975.00 305.000  2049.59  
 2  3  83.69210  28.45330  5.00  1975005 1975.00 211.000  1700.60  
 2  3  83.60950  27.07160  5.00  1975005 1975.00 213.000  1714.32  
 1  4  86.46110 -14.43910  5.00  1975005 1975.00 215.000  1604.00  
 1  4  86.36470 -14.38670  5.00  1975005 1975.00 215.000  1855.10  
31  4  86.19820 -14.30820  5.00  1974003 1974.00 45.0000  1405.40  
31  4  86.14660 -14.55480  5.00  1974003 1974.00 45.0000  1150.83  
31  4  86.08090 -14.91260  5.00  1974003 1974.00 45.0000  1104.40  
31  0  85.99940 -17.02710  5.00  1974003 1974.00 41.0000  1353.42  
 2  4  83.59250  26.36260  5.00  1975005 1975.00 213.000  1805.40  
 2  4  83.56100  25.63030  5.00  1975005 1975.00 214.000  1742.30  
 2  4  83.53030  24.89830  5.00  1975005 1975.00 214.000  1830.90  
32  4  83.45320  24.40830  5.00  1975005 1975.00 215.000  1705.70  
32  4  83.38220  23.92220  5.00  1975005 1975.00 215.000  1750.62  
32  0  83.28250  20.86610  5.00  1974003 1974.00 41.0000  1251.92  
32  0  83.09130  22.80470  5.00  1974003 1974.00 41.0000  1515.02  
32  0  83.01570  21.94870  5.00  1974003 1974.00 41.0000  1243.52  
32  0  82.95250  21.13030  5.00  1974003 1974.00 38.0000  1845.82  
33  5  75.17800   0.22600  5.00  1973002 1973.00 119.000   841.18 w
33  5  75.14370  -0.30130  5.00  1166014 1966.00 272.000   143.00 w
33  5  75.12400  -0.16400  5.00  1973002 1973.00 119.000  1103.80 w
33  5  75.08300  -0.53200  5.00  1973002 1973.00 119.000  1316.08 w
33  5  75.07300  -0.57440  5.00  1172011 1972.00 245.000   300.00 w
 3  5  74.97600  -1.19500  5.00  1973002 1973.00 119.000  1536.80 w
 3  5  74.89270  -1.99880  5.00  1170015 1970.00 209.000   809.00 w
 3  5  74.81790  -2.39500  5.00  1169011 1969.00 215.000  1801.00 w
 3  5  74.73300  -2.79100  5.00  1973002 1973.00 123.000   849.40 w
 3  5  74.64930  -2.85090  5.00  2072004 1972.00 266.000  1430.00 w
 3  5  74.61600  -2.86400  5.00  1973002 1973.00 123.000  1053.68 w
 3  5  74.56600  -3.17900  5.00  1973002 1973.00 123.000  1341.50 w
 2  5  71.20690  15.22290  5.00  7069001 1969.00 45.0000  1031.21  
 2  5  71.19720  15.11090  5.00  7069001 1969.00 45.0000  1657.00  
 2  5  71.17770  15.01620  5.00  7069001 1969.00 46.0000  1522.50  
 2  5  71.15640  14.92660  5.00  7069001 1969.00 47.0000  1217.73  
 2  5  71.15490  14.93110  5.00  7069001 1969.00 47.0000  1217.78  
 2  5  71.13860  14.82700  5.00  7069001 1969.00 48.0000  1046.12  
 2  5  71.11850  14.73310  5.00  7069001 1969.00 48.0000  1756.00  
 2  5  71.10350  14.62820  5.00  7069001 1969.00 49.0000  1319.20  
 2  5  71.08940  14.52030  5.00  7069001 1969.00 50.0000  1146.55  
 2  5  71.07350  14.38960  5.00  7069001 1969.00 50.0000  1620.87  
 2  5  70.96400  13.53100  5.00  1973002 1973.00 129.000   931.28  
 2  5  70.92200  13.26400  5.00  1973002 1973.00 129.000  1947.80  
 2  5  70.91930  13.33050  5.00  1169011 1969.00 218.000   212.00  
 2  5  70.88900  12.86600  5.00  1973002 1973.00 129.000  1454.58  
 2  5  70.82700  12.84000  5.00  1973002 1973.00 129.000  1423.28  
 3  6  74.54000  -3.96500  5.00  1973002 1973.00 123.000  1543.40 w
 3  6  74.47800  -4.12700  5.00  1973002 1973.00 125.000   930.50 w
 3  6  74.43800  -4.58380  5.00  1169011 1969.00 214.000  1012.00 w
 3  6  74.43800  -4.24378  5.00  1183004 1983.00 254.000   358.00 w
 3  6  74.43500  -4.67800  5.00  1973002 1973.00 125.000  1126.20 w
 3  6  74.36600  -5.00700  5.00  1973002 1973.00 125.000  1430.70 w
 3  6  74.35500  -5.80900  5.00  1973002 1973.00 125.000  1619.78 w
 3  6  74.27100  -6.07000  5.00  1973002 1973.00 127.000  2018.28 w
 3  6  74.26630  -6.11350  5.00  1169013 1969.00 245.000   718.00 w
 3  6  74.15500  -6.28000  5.00  1973002 1973.00 127.000  2154.40 w
 2  6  70.74500  12.68900  5.00  1973002 1973.00 131.000   927.08  
 2  6  70.69800  12.37700  5.00  1973002 1973.00 131.000  1355.80  
 2  6  70.68000  11.82600  5.00  1973002 1973.00 131.000  1441.58  
 2  6  70.66700  11.49900  5.00  1973002 1973.00 131.000  1856.58  
 2  6  70.54800  11.32700  5.00  1973002 1973.00 142.000   809.60  
 2  6  70.49900  11.09000  5.00  1973002 1973.00 143.000   728.70  
 3  7  74.13100  -6.96100  5.00  1973002 1973.00 129.000  1107.68 w
 3  7  74.06000  -7.78900  5.00  1973002 1973.00 129.000  1234.80 w
 3  7  74.05200  -7.29800  5.00  1973002 1973.00 129.000  1758.30 w
 3  7  73.92000  -7.87200  5.00  1973002 1973.00 129.000  1635.40 w
 3  7  73.89900  -8.31100  5.00  1973002 1973.00 131.000  1101.80 w
 3  7  73.89170  -8.47590  5.00  2072003 1972.00 230.000   315.90 w
 3  7  73.81100  -8.89500  5.00  1973002 1973.00 131.000  1156.80 w
 3  7  73.79270  -8.95150  5.00  1172011 1972.00 242.000  2254.00 w
 3  7  73.76800  -8.89200  5.00  1973002 1973.00 131.000  1615.00 w
 3  7  73.71800  -9.46600  5.00  1973002 1973.00 131.000  1702.18 w
 3  7  73.63500  -9.72300  5.00  1973002 1973.00 142.000   631.09 w
 3  7  73.49900 -10.18600  5.00  1973002 1973.00 143.000   917.78 w
 3  7  73.48800 -10.43900  5.00  1973002 1973.00 143.000  1030.79 w
 3  7  73.47290 -10.48530  5.00  1173016 1973.00 221.000   540.00 w
 3  7  73.47290 -10.43310  5.00  1172011 1972.00 242.000   300.00 w
 3  7  73.42700 -10.84200  5.00  1973002 1973.00 143.000  1442.00 w
 3  7  73.37000 -11.11600  5.00  1973002 1973.00 143.000  1546.00 w
 3  7  73.33800 -11.16100  5.00  1973002 1973.00 144.000  1103.58 w
 3  7  73.29200 -11.50700  5.00  1973002 1973.00 155.000  1414.70 w
 3  7  73.21400 -11.68000  5.00  1973002 1973.00 144.000  1219.50 w
 3  7  73.14900 -11.97000  5.00  1973002 1973.00 145.000   950.68 w
 3  7  73.06800 -12.25800  5.00  1973002 1973.00 145.000  1046.00 w
 3  7  72.98800 -12.40800  5.00  1973002 1973.00 145.000  1500.40 w
 3  7  72.94400 -12.67800  5.00  1973002 1973.00 145.000  1553.50 w
 3  7  72.88180 -13.17580  5.00  1172011 1972.00 240.000  2324.00 w
 3  7  72.85100 -13.06600  5.00  1973002 1973.00 148.000   921.50 w
 3  7  72.80900 -13.25600  5.00  1973002 1973.00 148.000  1010.79 w
 3  7  72.71200 -13.76600  5.00  1973002 1973.00 148.000  1438.08 w
 3  7  72.63000 -14.19500  5.00  1973002 1973.00 148.000  1520.50 w
33  7  72.57000 -14.62000  5.00  1973002 1973.00 149.000   905.80 w
33  7  72.51600 -15.17600  5.00  1973002 1973.00 149.000   934.58 w
33  7  72.46600 -15.66600  5.00  1973002 1973.00 149.000  1354.80 w
 2  7  70.43800  10.43900  5.00  1973002 1973.00 143.000  1210.00
 2  7  70.58140  10.33180  5.00  1166014 1966.00 265.000  2110.00  
 2  7  70.49000   9.90300  5.00  1973002 1973.00 143.000  1257.68  
 2  7  70.47750   9.58250  5.00  1170016 1970.00 243.000    30.00  
 2  7  70.46300   8.99500  5.00  1973002 1973.00 144.000   921.08  
 2  7  70.45280   9.27950  5.00  1166014 1966.00 274.000   240.00  
 2  7  70.40000   8.61550  5.00  1173016 1973.00 232.000   448.00  
 2  7  70.38700   8.66800  5.00  1973002 1973.00 144.000  1353.08  
 2  7  70.37000   8.10600  5.00  1973002 1973.00 145.000   804.10  
 2  7  70.28900   7.86500  5.00  1973002 1973.00 145.000  1223.29  
 2  7  70.23200   7.64000  5.00  1973002 1973.00 145.000  1317.29  
 2  7  70.20770   7.25980  5.00  1173016 1973.00 232.000   848.00  
 2  7  70.20000   7.21100  5.00  1973002 1973.00 145.000  1733.30  
 2  7  70.13580   6.95430  5.00  1170016 1970.00 244.000   336.00  
 2  7  70.13200   7.05600  5.00  1973002 1973.00 148.000   742.50  
 2  7  70.01900   6.25400  5.00  1973002 1973.00 148.000  1256.80  
 2  7  69.96400   5.94100  5.00  1973002 1973.00 148.000  1711.20  
 2  7  69.91600   5.73900  5.00  1973002 1973.00 149.000   728.90  
 2  7  69.90490   5.43964  5.00  1183004 1983.00 252.000  1622.00  
 2  7  69.87200   5.25500  5.00  1973002 1973.00 149.000  1125.40  
 2  7  69.81500   5.04100  5.00  1973002 1973.00 149.000  1216.50  
 2  7  69.76400   4.67500  5.00  1973002 1973.00 149.000  1611.38  
 2  7  69.69100   4.55900  5.00  1973002 1973.00 152.000   734.50  
 2  7  69.64500   4.11800  5.00  1973002 1973.00 155.000   928.20  
 2  7  69.59750   3.77040  5.00  1178007 1978.00 262.000    36.00  
 2  7  69.59100   3.87600  5.00  1973002 1973.00 155.000  1055.50  
 2  7  69.54980   3.63570  5.00  1170016 1970.00 245.000    36.00  
33  8  65.88020 -29.89580  5.00  7579007 1979.00 176.000  1820.97 w
33  8  65.81720 -30.12540  5.00  7579007 1979.00 176.000  1637.19 w
33  8  65.73670 -30.29440  5.00  7579007 1979.00 176.000  1607.44 w
33  8  65.67270 -30.52170  5.00  7579007 1979.00 176.000  1426.95 w
 3  8  65.56660 -30.60160  5.00  7579007 1979.00 176.000  1357.73 w
 3  8  65.53180 -30.66700  5.00  4177001 1977.00 219.000  1616.00 w
 3  8  65.41930 -30.88640  5.00  2072002 1972.00 209.000   130.00 w
 3  8  65.41670 -30.96170  5.00  1170015 1970.00 201.000   500.00 w
 3  8  65.32180 -30.91550  5.00  7579007 1979.00 175.000  1549.30 w
 3  8  65.27240 -30.97340  5.00  7579007 1979.00 175.000  1526.33 w
 3  8  65.05640 -31.35050  5.00  7579007 1979.00 173.000  1305.34 w
 3  8  65.00510 -31.38530  5.00  7579007 1979.00 173.000  1242.03 w
32  8  63.73530 -12.36140  5.00  2174011 1974.00 234.000  1516.22  
32  8  63.69830 -12.48330  5.00  2172006 1972.00 292.000   359.00  
32  8  63.63760 -12.77520  5.00  2174011 1974.00 234.000  1553.23  
32  8  63.63670 -12.70080  5.00  6073001 1973.00 8.00000  2201.00  
32  8  63.53880 -13.07660  5.00  2174011 1974.00 234.000  1623.43  
 2  8  63.34260 -14.13060  5.00  2174011 1974.00 234.000  1728.23  
 2  8  63.04730 -14.72390  5.00  2174010 1974.00 238.000   907.00  
 3  9  64.70890 -31.58010  5.00  4177001 1977.00 220.000   257.00 w
 3  9  64.61090 -31.70340  5.00  2072002 1972.00 209.000  1220.00 w
 3  9  64.51810 -31.76900  5.00  2072002 1972.00 216.000  2219.20 w
 3  9  64.31910 -31.95910  5.00  1173014 1973.00 201.000   148.00 w
 3  9  63.95250 -32.36560  5.00  2072002 1972.00 210.000   150.00 w
 3  9  63.95240 -32.36380  5.00  6072903 1972.00 362.000   149.00 w
 2  9  62.93820 -14.88600  5.00  2174010 1974.00 238.000  1922.00  
 2  9  62.87500 -15.26520  5.00  2174011 1974.00 236.000  1632.37  
 2  9  62.82180 -15.03850  5.00  2174011 1974.00 236.000  1556.52  
 2  9  62.80260 -15.31450  5.00  2174011 1974.00 236.000  1642.42  
 2  9  62.78800 -15.13360  5.00  2174011 1974.00 236.000  1633.89  
 2  9  62.76020 -15.36100  5.00  2174011 1974.00 236.000  1720.50  
 2  9  62.73150 -15.45190  5.00  2174011 1974.00 236.000  1732.82  
 2  9  62.71900 -15.15360  5.00  2174011 1974.00 236.000  1640.90  
 2  9  62.58950 -15.60870  5.00  2174011 1974.00 237.000  1059.67  
 2  9  62.53940 -15.69450  5.00  2174011 1974.00 237.000  1130.08  
 2  9  62.48900 -15.63970  5.00  6075002 1975.00 23.0000  1200.00  
 2  9  62.47570 -15.82370  5.00  2174011 1974.00 237.000  1236.50  
 2  9  62.42550 -15.87610  5.00  2174011 1974.00 237.000  1318.75  
 2  9  62.36480 -15.93390  5.00  2174011 1974.00 237.000  1343.83  
 2  9  62.34650 -16.03060  5.00  2174011 1974.00 237.000  1427.08  
 2  9  62.27560 -16.06320  5.00  2174011 1974.00 237.000  1441.25  
 2  9  62.22310 -16.09220  5.00  2174011 1974.00 237.000  1527.33  
 2  9  62.18560 -16.19610  5.00  2174011 1974.00 237.000  1541.67  
 2  9  62.17000 -16.17660  5.00  1169008 1969.00 268.000  2040.00  
 2  9  62.14080 -16.22910  5.00  2174011 1974.00 237.000  1629.33  
 2  9  62.09110 -16.29620  5.00  2174011 1974.00 237.000  1636.08  
 2  9  62.02580 -16.53330  5.00  6067001 1967.00 34.0000   407.00  
 2  9  62.01060 -16.39960  5.00  6067001 1967.00 31.0000  1642.00  
 2  9  62.00640 -16.42290  5.00  2174011 1974.00 237.000  1729.73  
 3 10  62.07370 -35.27620  5.00  8585001 1985.00 170.000  1315.00 w
 3 10  63.51920 -32.93370  5.00  2073011 1973.00 281.000  1754.90 w
 3 10  63.40870 -33.18880  5.00  4177002 1977.00 234.000    55.00 w
 3 10  63.31970 -33.33500  5.00  2072002 1972.00 210.000  2311.20 w
 3 10  63.28330 -33.42370  5.00  2072002 1972.00 211.000    48.70 w
 3 10  62.99960 -33.80830  5.00  8585001 1985.00 164.000   954.00 w
 3 10  62.99630 -33.82310  5.00  8585001 1985.00 193.000  1507.00 w
 3 10  62.82650 -34.03820  5.00  8585001 1985.00 166.000   947.00 w
 3 10  62.79750 -34.07430  5.00  8585001 1985.00 192.000  1323.00 w
 3 10  62.66010 -34.40460  5.00  1173014 1973.00 198.000  2224.00 w
 3 10  62.62890 -34.46090  5.00  8585001 1985.00 165.000   642.00 w
 3 10  62.44690 -34.72880  5.00  8585001 1985.00 168.000  1127.00 w
 3 10  62.43460 -34.71940  5.00  8585001 1985.00 164.000   541.00 w
 3 10  62.41500 -34.73500  5.00  1173014 1973.00 198.000  1800.00 w
 3 10  62.38980 -34.82260  5.00  6077001 1977.00 7.00000   120.00 w
 3 10  62.27950 -34.94350  5.00  8585001 1985.00 169.000  1028.00 w
 3 10  61.89720 -35.55180  5.00  8585001 1985.00 171.000   948.00 w
 3 10  61.70710 -35.74960  5.00  8585001 1985.00 174.000   635.00 w
 3 10  61.53000 -36.11900  5.00  8585001 1985.00 175.000  1047.00 w
 3 10  61.35000 -36.38400  5.00  8585001 1985.00 177.000  2216.00 w
 3 10  61.15870 -36.62510  5.00  8585001 1985.00 179.000  1033.00 w
 3 10  60.97450 -36.91020  5.00  8585001 1985.00 180.000   257.00 w
 3 10  60.79070 -37.06870  5.00  8585001 1985.00 200.000   957.00 w
 3 10  60.75460 -37.12170  5.00  1169010 1969.00 192.000  1542.00 w
 3 10  60.62130 -37.25560  5.00  8585001 1985.00 199.000   922.00 w
 3 10  60.43180 -37.41310  5.00  8585001 1985.00 195.000   757.00 w
 3 10  60.23430 -37.60350  5.00  8585001 1985.00 190.000   402.00 w
 3 10  60.16970 -37.70380  5.00  1170013 1970.00 194.000  1530.00 w
 3 10  60.05010 -37.90500  5.00  8585001 1985.00 187.000  1511.00 w
 3 10  59.86930 -38.12640  5.00  8585001 1985.00 185.000  1121.00 w
 3 10  59.79380 -38.21120  5.00  8585001 1985.00 245.000   657.00 w
 3 10  59.75950 -38.25990  5.00  1166012 1966.00 233.000    50.00 w
 3 10  59.68860 -38.30140  5.00  8585001 1985.00 161.000   257.00 w
 3 10  59.50360 -38.54430  5.00  8585001 1985.00 160.000   827.00 w
 3 10  59.32420 -38.76460  5.00  8585001 1985.00 205.000  1321.00 w
 3 10  59.31740 -38.76560  5.00  2071002 1971.00 169.000   349.00 w
 3 10  59.14570 -38.88610  5.00  8585001 1985.00 206.000   750.00 w
 3 10  59.02590 -39.04140  5.00  2073011 1973.00 284.000   518.90 w
 3 10  58.97320 -39.11750  5.00  8585001 1985.00 207.000  1422.00 w
 3 10  58.79190 -39.35070  5.00  8585001 1985.00 208.000   736.00 w
 3 10  58.61000 -39.60880  5.00  8585001 1985.00 209.000  1544.00 w
 3 10  58.53000 -39.69000  5.00  1173014 1973.00 195.000   556.00 w
 3 10  58.42750 -39.76730  5.00  8585001 1985.00 210.000   706.00 w
 3 10  58.26400 -40.01930  5.00  8585001 1985.00 211.000  1615.00 w
 3 10  58.07510 -40.18070  5.00  8585001 1985.00 212.000   547.00 w
 3 10  58.00430 -40.24120  5.00  2071002 1971.00 169.000  2100.00 w
 2 10  61.97030 -16.40170  5.00  6067001 1967.00 37.0000   817.00  
 2 10  61.94920 -16.44560  5.00  6075002 1975.00 17.0000   550.00  
 2 10  61.93860 -16.46290  5.00  2174011 1974.00 246.000  1128.09  
 2 10  61.91640 -16.56710  5.00  2174011 1974.00 246.000  1203.60  
 2 10  61.88120 -16.65780  5.00  2174011 1974.00 246.000  1209.49  
 2 10  61.86700 -16.69130  5.00  1169011 1969.00 201.000  2020.00  
 2 10  61.84570 -16.67720  5.00  6075002 1975.00 18.0000  1720.00  
 2 10  61.84230 -16.72920  5.00  2174011 1974.00 246.000  1248.69  
 2 10  61.79910 -16.79880  5.00  2174011 1974.00 246.000  1301.02  
 2 10  61.73200 -17.04550  5.00  6075002 1975.00 1.00000  1920.00  
 2 10  61.69320 -17.04790  5.00  2174011 1974.00 246.000  1441.17  
 2 10  61.66250 -17.11430  5.00  2174011 1974.00 246.000  1455.23  
 2 10  61.63220 -17.20010  5.00  2174011 1974.00 246.000  1543.78  
 2 10  61.61650 -17.23110  5.00  6075002 1975.00 22.0000  1200.00  
 2 10  61.59680 -17.28430  5.00  2174011 1974.00 246.000  1610.58  
 2 10  61.56670 -17.34730  5.00  2174011 1974.00 246.000  1703.92  
 2 10  61.55330 -17.41930  5.00  1276006 1976.00 203.000   850.00  
 2 10  61.54980 -17.39360  5.00  6076001 1976.00 353.000  1907.00  
 2 10  61.50970 -17.53580  5.00  6075002 1975.00 19.0000  1630.00  
 2 10  61.46450 -17.25090  5.00  2070009 1970.00 227.000  1150.90  
 2 10  61.27930 -17.93340  5.00  6075002 1975.00 5.00000  1640.00  
 2 10  61.27590 -17.95120  5.00  6067001 1967.00 34.0000   836.00  
 2 10  61.24090 -18.12700  5.00  6067001 1967.00 37.0000  1348.00  
 2 10  61.16990 -18.20440  5.00  6075002 1975.00 6.00000  1040.00  
 2 10  61.05670 -18.48170  5.00  6075002 1975.00 9.00000  1400.00  
 2 10  60.94470 -18.72170  5.00  6075002 1975.00 7.00000  1410.00  
 2 10  60.94430 -18.71020  5.00  8579003 1979.00 24.0000   751.00  
 2 10  60.86460 -18.90500  5.00  8579003 1979.00 26.0000  1013.00  
 2 10  60.82900 -18.89820  5.00  6075002 1975.00 8.00000   430.00  
 2 10  60.81370 -18.99050  5.00  8579003 1979.00 27.0000   823.00  
 2 10  60.76610 -19.07690  5.00  8579003 1979.00 28.0000   842.00  
 2 10  60.72610 -19.17010  5.00  6075002 1975.00 10.00000  1420.00  
 2 10  60.72470 -19.15810  5.00  8579003 1979.00 29.0000   900.00  
 2 10  60.67630 -19.19030  5.00  8579003 1979.00 30.0000   857.00  
 2 10  60.64050 -19.28310  5.00  8579003 1979.00 32.0000   609.00  
 2 10  60.59270 -19.35500  5.00  8579003 1979.00 33.0000   909.00  
 2 10  60.56230 -19.46770  5.00  8579003 1979.00 34.0000   757.00  
 2 10  60.51330 -19.52440  5.00  8579003 1979.00 35.0000   832.00  
 2 10  60.49520 -19.66670  5.00  6075002 1975.00 11.0000  1850.00  
 2 10  60.49330 -19.61330  5.00  2172006 1972.00 296.000  2035.00  
 2 10  60.49160 -19.66450  5.00  8579003 1979.00 36.0000   908.00  
 2 10  60.44510 -19.73900  5.00  8579003 1979.00 37.0000   857.00  
 2 10  60.40900 -19.85640  5.00  8579003 1979.00 39.0000    52.00  
 2 10  60.36250 -19.93440  5.00  8579003 1979.00 41.0000   107.00  
 2 10  60.33130 -19.74250  5.00  6067001 1967.00 32.0000   320.00  
 2 10  60.29640 -19.98160  5.00  8579003 1979.00 42.0000   850.00  
 2 10  60.26410 -20.11060  5.00  8579003 1979.00 43.0000   815.00  
 2 10  60.20630 -20.16780  5.00  6075002 1975.00 12.0000  1220.00  
 2 10  60.16920 -20.24900  5.00  8579003 1979.00 46.0000   849.00  
 2 10  60.13030 -20.34090  5.00  8579003 1979.00 48.0000   557.00  
 2 10  60.10080 -20.49640  5.00  8579003 1979.00 50.0000   831.00  
 2 10  60.05870 -20.58790  5.00  8579003 1979.00 51.0000   847.00  
 2 10  60.01160 -20.67400  5.00  8579003 1979.00 52.0000   848.00  
 2 10  60.00840 -20.87240  5.00  6067001 1967.00 37.0000  2206.00  
 2 10  59.96910 -20.75720  5.00  8579003 1979.00 53.0000   843.00  
 2 10  59.93050 -20.83680  5.00  1170014 1970.00 269.000  1900.00  
 2 10  59.92440 -20.85860  5.00  6067001 1967.00 34.0000  1532.00  
 2 10  59.92310 -20.85800  5.00  8579003 1979.00 55.0000   742.00  
 2 10  59.88860 -20.96730  5.00  8579003 1979.00 56.0000   751.00  
 2 10  59.84700 -21.07140  5.00  8579003 1979.00 57.0000   749.00  
 2 10  59.79160 -21.14370  5.00  8579003 1979.00 58.0000   839.00  
 2 10  59.75780 -21.27160  5.00  8579003 1979.00 59.0000   805.00  
 2 10  59.69670 -21.30020  5.00  8579003 1979.00 60.0000   829.00  
 2 10  59.64470 -21.32880  5.00  8579003 1979.00 61.0000   822.00  
 2 10  59.61150 -21.45540  5.00  8579003 1979.00 64.0000   325.00  
 2 10  59.56860 -21.54350  5.00  8579003 1979.00 65.0000   741.00  
 2 10  59.51450 -21.59210  5.00  8579003 1979.00 66.0000   751.00  
 2 10  59.47430 -21.67950  5.00  8579003 1979.00 67.0000   754.00  
 2 10  59.47290 -21.51510  5.00  6067001 1967.00 32.0000  1038.00  
 2 10  59.43180 -21.74620  5.00  8579003 1979.00 68.0000   659.00  
 2 10  59.38170 -21.83070  5.00  8579003 1979.00 70.0000   638.00  
 2 10  59.23890 -22.02910  5.00  3177001 1977.00 190.000   220.00  
 2 10  59.08650 -22.22860  5.00  2070009 1970.00 233.000  2103.10  
 2 10  58.99160 -22.37470  5.00  2070009 1970.00 240.000   559.20  
 2 10  58.87790 -22.54590  5.00  2070009 1970.00 243.000   308.30  
 2 10  58.80600 -22.69540  5.00  1169008 1969.00 271.000   418.00  
 2 10  58.79610 -23.10890  5.00  6067001 1967.00 38.0000  1008.00  
 2 10  58.68810 -22.90980  5.00  2070009 1970.00 246.000  2006.00  
 2 10  58.56960 -23.24430  5.00  1270004 1970.00 195.000   120.00  
 2 10  58.53240 -23.15500  5.00  2070009 1970.00 244.000  1242.90  
 2 10  58.39400 -23.33130  5.00  2070010 1970.00 257.000  2333.10  
 2 10  58.23820 -23.64000  5.00  2070010 1970.00 260.000    31.80  
 2 10  58.12590 -23.78710  5.00  2070010 1970.00 261.000  1703.60  
 2 10  57.95670 -23.96860  5.00  6067001 1967.00 33.0000   649.00  
 2 10  57.70960 -24.39310  5.00  2070010 1970.00 265.000   556.60  
 2 10  57.60760 -24.77320  5.00  6067001 1967.00 35.0000  2036.00  
 2 10  57.45740 -24.90680  5.00  1585001 1985.00 231.000   145.00  
 3 11  57.88190 -40.47830  5.00  8585001 1985.00 214.000  1341.00 w
 3 11  57.83720 -40.60520  5.00  1173013 1973.00 162.000   318.00 w
 3 11  57.73720 -40.93860  5.00  2071002 1971.00 170.000  2340.00 w
 3 11  57.71650 -40.99630  5.00  8585001 1985.00 215.000   348.00 w
 3 11  57.67070 -41.09790  5.00  1173014 1973.00 192.000  1012.00 w
 3 11  57.52880 -41.18730  5.00  8585001 1985.00 218.000   412.00 w
 3 11  57.40050 -41.32410  5.00  1173014 1973.00 192.000  1550.00 w
 3 11  57.35680 -41.36170  5.00  2071002 1971.00 171.000  2347.00 w
 3 11  57.35270 -41.36810  5.00  8585001 1985.00 219.000   333.00 w
 3 11  57.31980 -41.49860  5.00  8585001 1985.00 181.000   237.00 w
 3 11  57.27780 -41.49400  5.00  1173014 1973.00 191.000  2112.00 w
31  0  57.23440 -41.76580  5.00  1173014 1973.00 194.000  1042.00 w
31  0  57.16580 -42.02310  5.00  1173013 1973.00 160.000  1554.00 w
31  0  57.15010 -42.22470  5.00  2071002 1971.00 216.000  1641.00 w
 2 11  56.88000 -25.79670  5.00  2173014 1973.00 250.000    47.00  
 2 11  56.54060 -26.63310  5.00  6067001 1967.00 36.0000   850.00  
 2 11  56.49810 -26.80510  5.00  6076001 1976.00 355.000   602.00  
 2 11  56.46260 -26.81900  5.00  1276006 1976.00 223.000  1030.00  
 1 12  56.43970 -42.99030  5.00  1173014 1973.00 189.000  1236.00 w
 1 12  56.43750 -43.01900  5.00    66099 1966.00 237.000  1821.00 w
 1 12  56.42010 -43.02870  5.00  2071002 1971.00 178.000   951.00 w
 1 12  56.34710 -43.01650  5.00    66099 1966.00 237.000  2240.00 w
 1 12  56.28070 -42.98170  5.00  8579001 1979.00 31.0000  1318.00 w
 1 12  56.26810 -42.98960  5.00    66099 1966.00 239.000  1417.00 w
 1 12  56.18780 -42.96160  5.00    66099 1966.00 239.000  1810.00 w
 1 12  56.09410 -42.98600  5.00    66099 1966.00 241.000  1019.00 w
 1 12  56.00650 -42.97490  5.00    66099 1966.00 241.000  1354.00 w
 1 12  55.92690 -42.93430  5.00  8579001 1979.00 33.0000  1301.00 w
32 12  56.15690 -27.86630  5.00  1169008 1969.00 274.000   620.00  
 2 12  55.41500 -28.05330  5.00  2173014 1973.00 250.000  2153.00  
 1 13  55.62090 -43.05080  5.00  1173013 1973.00 157.000  2230.00 w
 1 13  55.57470 -43.05880  5.00  8579001 1979.00 35.0000  1312.00 w
 1 13  55.42110 -43.08770  5.00  2072001 1972.00 199.000  1456.00 w
 1 13  55.27810 -43.03190  5.00  8579001 1979.00 37.0000  1318.00 w
 1 13  54.89190 -43.04710  5.00  8579001 1979.00 39.0000  1413.00 w
 1 13  54.88740 -43.05610  5.00  1173013 1973.00 157.000  1054.00 w
 1 13  54.66950 -43.12040  5.00  2071002 1971.00 212.000  2007.00 w
 1 13  54.52490 -42.94010  5.00  8579001 1979.00 41.0000  1411.00 w
 1 13  54.14600 -42.93600  5.00  8579001 1979.00 43.0000  1358.00 w
 1 13  54.02250 -42.98830  5.00  2071002 1971.00 214.000  1235.00 w
 1 13  53.80690 -42.97090  5.00  2071002 1971.00 214.000  1805.00 w
 1 13  53.80320 -42.92340  5.00  8579001 1979.00 2.00000  1434.00 w
 1 13  53.75580 -42.87110  5.00  8579004 1979.00 141.000   248.00 w
 2 13  54.87830 -28.25670  5.00  2173014 1973.00 220.000  1905.00  
 2 13  54.62000 -28.32170  5.00  2172002 1972.00 128.000  2148.00  
 2 13  54.61720 -28.31190  5.00  6072001 1972.00 341.000  2150.00  
 2 13  54.38310 -28.36420  5.00  4069004 1969.00 226.000   919.00  
 2 13  54.19330 -28.33170  5.00  2173015 1973.00 149.000  1523.00  
 2 13  54.18380 -28.24020  5.00  6067001 1967.00 29.0000  2043.00  
 2 13  53.89670 -28.39670  5.00  2174007 1974.00 282.000  2324.00 
 1 14  53.42310 -42.72970  5.00  8579001 1979.00 4.00000  1446.00 w
 1 14  53.30470 -42.71360  5.00   285001 1986.00 7882.00  1748.00 w
 1 14  53.17300 -42.66840  5.00  8579004 1979.00 209.000  1101.00 w
 1 14  53.06220 -42.59960  5.00  8579001 1979.00 6.00000  1516.00 w
 1 14  53.05430 -42.64350  5.00  2075004 1975.00 285.000  1759.60 w
 1 14  53.03070 -42.64580  5.00   285001 1986.00 7396.00   607.00 w
 1 14  52.90130 -42.63370  5.00  1169010 1969.00 183.000  1430.00 w
 1 14  52.75650 -42.57210  5.00   285001 1986.00 6980.00    11.00 w
 1 14  52.70370 -42.71480  5.00  8579001 1979.00 8.00000  1503.00 w 
 2 14  53.05230 -42.65170  5.00    78016 1978.00 159.000  2309.00  
 2 14  53.01670 -28.34330  5.00  2071007 1971.00 194.000  1020.00  
 2 14  52.91350 -28.37440  5.00  1283006 1983.00 218.000   445.00  
 2 14  52.77830 -28.36170  5.00  2173013 1973.00 219.000  1322.00  
 2 14  52.61780 -28.41360  5.00  1173015 1973.00 294.000   518.00  
 1 15  52.15280 -37.39070  5.00  8579004 1979.00 351.000  1742.00 w
 1 15  51.96140 -37.34700  5.00  8579001 1979.00 13.0000   348.00 w
 1 15  51.86330 -37.40050  5.00  1173013 1973.00 154.000   530.00 w
 1 15  51.61140 -37.32720  5.00 85790011979.00 15.0000 308.00     0.00  
 1 15  51.29650 -37.19720  5.00  1169010 1969.00 182.000   400.00 w
 1 15  51.29270 -37.16090  5.00  1283006 1983.00 226.000   835.00 w
 1 15  51.25010 -37.14040  5.00  8579001 1979.00 17.0000   354.00 w
 1 15  51.09050 -37.08290  5.00  1169010 1969.00 181.000  2048.00 w
31 15  50.85940 -36.90770  5.00  8579001 1979.00 19.0000   409.00 w on fz
31 15  50.50350 -36.81250  5.00  8579001 1979.00 21.0000   312.00 w on fz
32 14  52.18820 -23.39030  5.00  3177002 1977.00 171.000  1758.00  
 2 15  51.63870 -23.43050  5.00  1166007 1966.00 292.000  1830.00  
 2 15  51.53670 -23.41000  5.00  2173013 1973.00 230.000   417.00  
 2 15  51.43380 -23.36170  5.00  1366004 1966.00 200.000  1454.00  
32  0  50.44230 -22.75430  5.00  1178001 1978.00 292.000   942.00  
32 15  50.43000 -23.44170  5.00  2173014 1973.00 254.000  1048.00 on fz
32 15  50.36280 -23.43080  5.00  1283006 1983.00 208.000  1035.00 on fz 
 1 16  49.74250 -34.76720  5.00  8579001 1979.00 27.0000   851.00 w
 1 16  49.38510 -34.45760  5.00  8579001 1979.00 29.0000   912.00 w
 1 16  48.99060 -34.45940  5.00  8579001 1979.00 30.0000  1028.00 w
 1 16  48.22830 -33.95330  5.00  2174008 1974.00 345.000   910.00 w
 2 16  49.06400 -21.44920  5.00  1172003 1972.00 208.000    54.00  
 2 16  48.89170 -21.30670  5.00  2175003 1975.00 101.0000  1334.00  
 2 16  48.51630 -21.06980  5.00  1166007 1966.00 294.000   420.00  
 2 16  48.51170 -21.02330  5.00  2173014 1973.00 228.000   540.00  
 2 16  48.39630 -21.07370  5.00  1170003 1970.00 292.000    42.00  
 2 16  47.88170 -21.01670  5.00  2173014 1973.00 228.000  1332.00  
 2 16  47.47750 -20.92560  5.00  1184004 1984.00 207.000  1743.00  
 2 16  47.28830 -20.87330  5.00  2172005 1972.00 238.000  2307.00  
 2 16  47.00800 -20.73860  5.00  3072901 1972.00 147.000   620.00  
31 17  46.15770 -33.64260  5.00  3173901 1973.00 159.000  2200.00 w
31 17  46.03500 -33.69700  5.00  5065009 1965.00 228.000   215.00 w
31 17  45.80920 -33.76120  5.00  1184004 1984.00 212.000  1801.00 w
32 17  45.79500 -20.93330  5.00  2172005 1972.00 197.000  1740.00  
32 17  45.78430 -20.96090  5.00  1170003 1970.00 294.000  2336.00  
32 17  45.70060 -20.94550  5.00  3178905 1978.00 180.000   634.00  
32 17  45.61980 -20.90370  5.00  3076901 1976.00 184.000   630.00  
32 17  45.58250 -21.00910  5.00  3076901 1976.00 186.000   605.00  
32 17  45.57270 -20.96030  5.00  3076901 1976.00 184.000   320.00  
32 17  45.53170 -20.98680  5.00  3076901 1976.00 183.000  2130.00  
32 17  45.49310 -20.99560  5.00  3076901 1976.00 183.000   725.00  
32 17  45.47950 -20.99730  5.00  3076901 1976.00 183.000  1855.00  
32 17  45.43600 -21.02790  5.00  3076901 1976.00 183.000   510.00  
32 17  45.40570 -21.01900  5.00  3076901 1976.00 183.000   230.00  
32 17  45.38540 -21.05050  5.00  1274004 1974.00 206.000  1735.00  
32 17  45.38020 -21.02220  5.00  3076901 1976.00 186.000   425.00  
32 17  45.36130 -21.04390  5.00  3076901 1976.00 182.000   115.00  
32 17  45.32500 -21.06310  5.00  3076901 1976.00 182.000   255.00  
32 17  45.27730 -21.05480  5.00  3170901 1970.00 114.000  2245.00  
32 17  45.26740 -21.05910  5.00  3076901 1976.00 182.000  1425.00  
32 17  45.22890 -21.06800  5.00  3076901 1976.00 182.000  1600.00  
32 17  45.22030 -21.07670  5.00  3076901 1976.00 186.000   150.00  
32 17  45.17890 -21.09630  5.00  3076901 1976.00 182.000  2320.00  
32 17  45.05990 -21.13310  5.00  1173015 1973.00 296.000  2136.00  
32 17  45.02660 -21.16450  5.00  4189002 1989.00 104.0000  1626.00  
32 16  46.64810 -20.73790  5.00  5184006 1984.00 89.0000   933.00  
32 16  46.64330 -20.69170  5.00  2173015 1973.00 154.000  1014.00  
32 16  46.48170 -20.78000  5.00  2172006 1972.00 323.000   647.00  
32 16  46.32500 -20.90000  5.00  1368001 1968.00 141.000   850.00  
32 16  46.21820 -20.96470  5.00  3175001 1975.00 189.000    56.00  
31 17  44.54100 -34.34600  5.00  1368001 1968.00 137.000  1410.00 w
31 17  44.28880 -34.48610  5.00  1170003 1970.00 297.000  2124.00 w
32 17  44.99940 -21.22630  5.00  5184007 1984.00 133.000  2318.00  
32 17  44.86370 -21.26720  5.00  3178904 1978.00 158.000  1052.00  
32 17  44.62400 -21.48220  5.00  3170901 1970.00 115.000   813.00  
32 17  44.42880 -21.57930  5.00  5184008 1984.00 262.000  1145.00  
32 17  44.34840 -21.68020  5.00  3170901 1970.00 116.000   612.00  
32 17  44.11060 -21.99400  5.00  5168001 1968.00 130.000   703.00  
31 18  59.36820 -55.35290  5.00    74023 1974.00 219.000  1932.00 w
33 18  60.04450 -55.30100  5.00    75009 1975.00 277.000  1900.00  
33 18  59.92460 -55.15780  5.00  5577002 1977.00 241.000  2244.00  
33 18  59.80780 -54.93100  5.00    74023 1974.00 221.000  1646.00 
33 18  59.52880 -54.72100  5.00    74023 1974.00 219.000  2223.00 
31 17  58.86500 -54.66670 10.00    74023 1974.00 213.000   230.00 w
31 17  58.62190 -54.38310 10.00    74023 1974.00 202.000  2319.00 w
31 17  58.41750 -54.04340 10.00  5577002 1977.00 211.000   355.00 w
33 17  59.35690 -54.06620 10.00    74023 1974.00 216.000  1837.00  
33 17  59.12710 -53.65910 10.00    74023 1974.00 213.000   706.00 
33 17  58.83560 -53.52080 10.00    74023 1974.00 203.000   158.00  
31 17  58.41100 -52.82060 10.00  5577002 1977.00 238.000   320.00 w
31 17  58.15430 -53.54440 10.00    74023 1974.00 198.000  1703.00 w
31 17  58.04580 -53.40980 10.00  5577002 1977.00 237.000  2241.00 w
31 17  57.97480 -53.39640 10.00  5577002 1977.00 210.000  1737.00 w
31 17  57.91820 -53.16680 10.00    74023 1974.00 196.000   526.00 w
31 17  57.65430 -52.83240 10.00    74023 1974.00 194.000   821.00 w y
31 17  57.46590 -52.40390 10.00    74023 1974.00 192.000   950.00 w y
31 17  57.21520 -52.02990 10.00    74023 1974.00 190.000  1419.00 w y
31 17  57.16080 -51.57570 10.00    66099 1966.00 202.000   234.00 w y
33 17  58.40730 -52.55420 10.00    74023 1974.00 198.000  1958.00  out
33 17  58.28620 -52.61510 10.00    84030 1984.00 230.000   532.00  out
33 17  58.10630 -52.42720 10.00    74023 1974.00 196.000   212.00  out
33 17  57.91330 -51.80830 10.00    74023 1974.00 194.000  1137.00  y
33 17  57.87780 -51.64460 10.00    67099 1967.00 238.000  1149.00  y
33 18  57.82170 -48.22520 10.00    74023 1974.00 188.000  1621.00  mis, 21?
33 17  57.66740 -51.56740 10.00    74023 1974.00 192.000   422.00  y
33 17  57.63680 -51.14030 10.00    84030 1984.00 228.000   536.00  y
33 17  57.52470 -50.81020 10.00    74023 1974.00 190.000  1807.00  y
 1 17  57.08090 -49.87520 10.00    74023 1974.00 188.000   457.00 w
 1 17  56.93130 -49.33780 10.00    66099 1966.00 192.000  1520.00 w
 1 17  56.92830 -49.09820 10.00    74023 1974.00 177.000  1408.00 w
 1 17  56.90030 -48.99350 10.00  8585001 1985.00 222.000    31.00 w
 1 17  56.73810 -48.52690 10.00    74023 1974.00 175.000  2248.00 w
 3 17  57.52140 -48.65330 10.00  8585001 1985.00 233.000  2309.00  
 3 17  57.48230 -49.00880 10.00  8585001 1985.00 222.000   233.00  
 3 17  57.46220 -48.55990 10.00  8585001 1985.00 231.000   219.00  
 3 17  57.32800 -48.23780 10.00  8585001 1985.00 235.000   135.00  
 3 17  57.21220 -47.92120 10.00  8585001 1985.00 237.000   954.00   
 3 17  57.16960 -47.77760 10.00    66099 1966.00 191.000    26.00    
 3 17  57.09370 -47.63800 10.00  8585001 1985.00 220.000  2340.00
 3 17  57.10360 -47.55230 10.00  8585001 1985.00 237.000   202.00  
 1 18  56.48990 -46.75000 10.00    66099 1966.00 193.000  1724.00 w
 1 18  56.44210 -47.29650 10.00    66099 1966.00 188.000    19.00 w
 3 18  56.93700 -46.82540 10.00  8585001 1985.00 237.000  1258.00
31 19  56.65420 -45.52470 10.00    66099 1966.00 210.000  1953.00 w
31 19  56.62260 -45.03460 10.00  8585001 1985.00 230.000  2002.00 w
31 19  56.60900 -44.86130 10.00    66099 1966.00 233.000   159.00 w
31 19  56.64580 -45.69670 10.00    84030 1984.00 220.000   853.00 w
31 19  56.64320 -45.83650 10.00    66099 1966.00 210.000   324.00 w
33 19  57.04210 -45.02350 10.00  8585001 1985.00 241.000   920.00  
33 19  57.18790 -45.74970 10.00  8585001 1985.00 239.000  2037.00  
31 19  52.82500 317.43400  5.00     0.00  0.00          0.00  3.04.2000
31 19  52.84200 317.79200  5.00     0.00  0.00          0.00  
31 19  52.87500 318.17800  5.00     0.00  0.00          0.00  
31 19  52.97600 321.79000  5.00     0.00  0.00          0.00  
31 19  52.95900 322.09300  5.00     0.00  0.00          0.00  
31 19  52.99300 322.56200  5.00     0.00  0.00          0.00  
32 19  52.20700 331.63100  5.00     0.00  0.00          0.00  
32 19  52.23000 332.18300  5.00     0.00  0.00          0.00  
32 19  52.20700 332.62400  5.00     0.00  0.00          0.00  
32 19  52.13900 336.07000  5.00     0.00  0.00          0.00  
32 19  52.13900 336.29000  5.00     0.00  0.00          0.00  
32 19  52.12200 336.62100  5.00     0.00  0.00          0.00 
 1 19  52.61500 317.27900  5.00      
 1 19  52.63700 317.50000  5.00      
 1 19  52.70400 317.68400  5.00      
 1 19  52.74900 317.90400  5.00      
 1 19  52.74900 318.12500  5.00     
 2 19  52.34600 335.51500  5.00 
 2 19  52.32300 335.80900  5.00 
 2 19  52.30100 336.10300  5.00 
 2 19  52.30100 336.32400  5.00 
 2 19  52.25500 336.58100  5.00 
 1 20  51.15400 322.81000  5.00     0.00  0.00          0.00  
 1 20  51.15400 323.08500  5.00     0.00  0.00          0.00  
 1 20  51.15400 324.73900  5.00     0.00  0.00          0.00  
 1 20  51.15400 325.07000  5.00     0.00  0.00          0.00  
 2 20  50.21900 336.64900  5.00     0.00  0.00          0.00  
 2 20  50.20100 336.86900  5.00     0.00  0.00          0.00  
 2 20  50.18300 337.97200  5.00     0.00  0.00          0.00  
 2 20  50.16600 338.24700  5.00     0.00  0.00          0.00
 1 21  50.27200 323.56600  5.00 
 1 21  50.24900 323.86000  5.00 
 1 21  50.24900 324.19100  5.00 
 1 21  50.22500 324.44900  5.00 
 1 21  50.22500 324.66900  5.00 
 1 21  50.22500 324.92600  5.00 
 2 21  49.29600 337.39000  5.00 
 2 21  49.29600 337.68400  5.00 
 2 21  49.29600 338.01500  5.00 
 2 21  49.29600 338.34600  5.00 
 2 21  49.27200 338.60300  5.00
