 27
 1  1  88.95270  39.89460  5.00  1975005 1975.00 199.000  1728.02  
 1  1  88.86650  36.16820  5.00  1975005 1975.00 199.000  2023.92  
 1  1  88.80700  32.89430  5.00  1975005 1975.00 200.000  1711.22  
 1  1  88.74280  29.99660  5.00  1975005 1975.00 200.000  1959.12  
 2  1  84.33220  51.93710  5.00  1975005 1975.00 199.000  1837.32  
 2  1  84.30390  51.12110  5.00  1975005 1975.00 199.000  1912.82  
 2  1  84.28300  50.29500  5.00  1975005 1975.00 200.000  1814.80
 1  2  88.61580  28.41210  5.00  1975005 1975.00 203.000  1653.52  
 1  2  88.58910  25.14910  5.00  1975005 1975.00 203.000  1935.20  
 1  2  88.51260  22.96910  5.00  1975005 1975.00 205.000  1708.10  
 1  2  88.48080  20.13140  5.00  1975005 1975.00 205.000  1956.22  
 1  2  88.41290  18.29720  5.00  1975005 1975.00 206.000  1646.22
 2  2  83.94440  45.01930  5.00  1975005 1975.00 206.000  1827.40  
32  2  84.00450  49.89960  5.00  1975005 1975.00 200.000  1846.62  
32  2  83.99070  48.31310  5.00  1975005 1975.00 203.000  1835.32  
 1  3  88.35750  16.05810  5.00  1975005 1975.00 206.000  1932.82  
 1  3  88.23330  10.96860  5.00  1975005 1975.00 300.000  1529.80  
 1  3  88.11070   6.71780  5.00  1975005 1975.00 300.000  1838.30  
 1  3  88.01610   3.64830  5.00  1975005 1975.00 301.000  1513.09  
 1  3  87.89340   1.28010  5.00  1975005 1975.00 301.000  1824.91
 2  3  83.86180  42.58990  5.00  1975005 1975.00 300.000  1639.20
 2  3  83.77850  40.55630  5.00  1975005 1975.00 300.000  1723.41  
 2  3  83.74900  40.01710  5.00  1975005 1975.00 301.000  1625.41  
 1  4  87.77150  -1.47110  5.00  1975005 1975.00 302.000  1442.00  
 1  4  87.66590  -5.31750  5.00  1975005 1975.00 302.000  1801.91  
 1  4  87.53460  -6.51220  5.00  1975005 1975.00 304.000  1445.91  
 1  4  87.41190  -9.61070  5.00  1975005 1975.00 304.000  1808.80  
 1  4  87.30750 -12.68480  5.00  1975005 1975.00 305.000  1838.59  
 1  4  87.14010 -14.55310  5.00  1975005 1975.00 305.000  2201.00  
 1  4  87.03030 -15.84000  5.00  1975005 1975.00 211.000  1559.42  
 1  4  86.87350 -17.33380  5.00  1975005 1975.00 213.000  1613.63  
 1  4  86.81170 -19.02630  5.00  1975005 1975.00 213.000  1921.03  
 1  4  86.73240 -19.27700  5.00  1975005 1975.00 214.000  1635.70
 2  4  83.64490  38.83390  5.00  1975005 1975.00 301.000  1711.80  
 2  4  83.63150  37.44320  5.00  1975005 1975.00 302.000  1552.20
 2  4  83.54700  36.25210  5.00  1975005 1975.00 302.000  1644.70  
 2  4  83.54220  34.94600  5.00  1975005 1975.00 304.000  1601.41  
 2  4  83.46680  33.33780  5.00  1975005 1975.00 304.000  1655.50  
 2  4  83.40210  32.31120  5.00  1975005 1975.00 305.000  1951.80  
 2  4  83.36630  31.18730  5.00  1975005 1975.00 305.000  2044.09  
 2  4  83.32730  29.96960  5.00  1975005 1975.00 211.000  1705.82  
 2  4  83.31650  27.63550  5.00  1975005 1975.00 213.000  1800.40 
 2  4  83.27360  28.54540  5.00  1975005 1975.00 213.000  1719.30
 1  5  86.62180 -17.95470  5.00  1975005 1975.00 214.000  1939.30  
 1  5  86.54400 -18.48920  5.00  1975005 1975.00 215.000  1600.20  
 1  5  86.46340 -18.98610  5.00  1975005 1975.00 215.000  1859.50    
 2  5  83.22890  27.17920  5.00  1975005 1975.00 214.000  1747.70  
 2  5  83.19490  26.50630  5.00  1975005 1975.00 214.000  1825.30  
 2  5  83.12950  25.97850  5.00  1975005 1975.00 215.000  1710.83  
 2  5  83.04580  25.57430  5.00  1975005 1975.00 215.000  1744.83 
 3  6  75.33300  -2.52400  5.00  1973002 1973.00 119.000  1325.08 w
 3  6  75.33200  -1.80600  5.00  1973002 1973.00 119.000  1056.58 w
 2  6  70.84250  15.82280  5.00  7069001 1969.00 47.0000  1228.12  
 2  6  70.81830  15.74030  5.00  7069001 1969.00 48.0000  1057.72  
 2  6  70.79690  15.18320  5.00  7069001 1969.00 50.0000  1631.00  
 2  6  70.79350  15.51190  5.00  7069001 1969.00 49.0000  1328.88  
 2  6  70.78280  15.39920  5.00  7069001 1969.00 50.0000  1157.41  
 2  6  70.74800  14.45900  5.00  1973002 1973.00 129.000   926.08
 2  6  70.68600  14.43400  5.00  1973002 1973.00 129.000  1955.00  
 2  6  70.63300  13.68400  5.00  1973002 1973.00 129.000  1428.50
 3  7  75.22690  -2.57970  5.00  2072004 1972.00 266.000  1008.50 w
 3  7  75.16900  -2.73300  5.00  1973002 1973.00 119.000  1529.70 w
 3  7  74.89000  -4.27100  5.00  1973002 1973.00 123.000   855.80 w
 3  7  74.85640  -4.76160  5.00  1169011 1969.00 214.000  1624.00 w
 3  7  74.82600  -4.82200  5.00  1973002 1973.00 123.000  1045.80 w
 3  7  74.78850  -5.14710  5.00  1183004 1983.00 254.000   629.00 w
 3  7  74.78300  -5.06500  5.00  1973002 1973.00 123.000  1350.58 w
 3  7  74.71800  -5.60200  5.00  1973002 1973.00 123.000  1536.80 w
 3  7  74.68200  -5.99800  5.00  1973002 1973.00 125.000   938.40 w
 3  7  74.61400  -6.38500  5.00  1973002 1973.00 125.000  1118.90 w 
 2  7  70.50200  13.80200  5.00  1973002 1973.00 131.000   921.00  
 2  7  70.43200  13.63800  5.00  1973002 1973.00 131.000  1403.90  
 2  7  70.41050  13.65060  5.00  1169013 1969.00 224.000     0.00  
 2  7  70.38100  13.26100  5.00  1973002 1973.00 131.000  1434.18  
 2  7  70.32900  13.13500  5.00  1973002 1973.00 131.000  1905.80  
 2  7  70.29000  12.71200  5.00  1973002 1973.00 142.000   817.28  
 2  7  70.23200  12.29200  5.00  1973002 1973.00 143.000   721.70
 2  7  70.19300  11.95350  5.00  1973002 1973.00 143.000  1218.30  
 2  7  70.14100  11.66400  5.00  1973002 1973.00 143.000  1247.58
 2  7  70.06960  11.11170  5.00  1166014 1966.00 274.000   700.00
 2  7  70.05900  10.96100  5.00  1973002 1973.00 144.000   909.70  
 2  7  70.01900  10.61400  5.00  1973002 1973.00 144.000  1403.30
 3  8  74.54000  -6.71600  5.00  1973002 1973.00 125.000  1437.80 w
 3  8  74.53600  -7.53000  5.00  1973002 1973.00 125.000  1611.88 w
 3  8  74.50800  -7.38690  5.00  2072003 1972.00 230.000   730.50 w
 3  8  74.47930  -7.47640  5.00  1169013 1969.00 245.000   440.00 w
 3  8  74.42600  -7.57700  5.00  1973002 1973.00 127.000  2025.50 w
 2  8  70.01100   9.96900  5.00  1973002 1973.00 145.000   752.80  
 2  8  69.99990   9.85960  5.00  1170016 1970.00 243.000   330.00  
 2  8  69.99000   9.78666  5.00  2175004 1975.00 249.000   339.00  
 2  8  69.96830   9.71670  5.00  1173017 1973.00 263.000  1152.00 
 2  8  69.96000   9.55400  5.00  1973002 1973.00 145.000  1232.58  
 2  8  69.90600   9.33700  5.00  1973002 1973.00 145.000  1307.18
 3  9  74.38500  -8.52700  5.00  1973002 1973.00 127.000  2144.80 w
 3  9  74.34200  -8.83900  5.00  1973002 1973.00 129.000  1116.50 w
 3  9  74.24200  -9.03000  5.00  1973002 1973.00 129.000  1750.68 w
 3  9  74.24000  -9.46000  5.00  1973002 1973.00 129.000  1227.20 w
 3  9  74.20490  -9.57490  5.00  1173016 1973.00 221.000  1054.00 w
 3  9  74.14770  -9.78720  5.00  1172011 1972.00 243.000   124.00 w
 3  9  74.13900  -9.68800  5.00  1973002 1973.00 129.000  1643.30 w
 3  9  74.09500 -10.12800  5.00  1973002 1973.00 131.000  1108.88 w
 3  9  74.00100 -10.56300  5.00  1973002 1973.00 131.000  1148.80 w
 3  9  73.94700 -10.57100  5.00  1973002 1973.00 131.000  1621.78 w
 3  9  73.88200 -11.05800  5.00  1973002 1973.00 131.000  1654.90 w
 3  9  73.81100 -11.30700  5.00  1973002 1973.00 142.000   624.70 w
 3  9  73.71220 -11.40080  5.00  1172011 1972.00 242.000    48.00 w
 3  9  73.70200 -11.81600  5.00  1973002 1973.00 143.000   925.28 w
 3  9  73.62300 -12.18700  5.00  1973002 1973.00 143.000  1023.40 w
 3  9  73.59100 -12.44500  5.00  1973002 1973.00 143.000  1448.90 w
 3  9  73.52800 -12.76300  5.00  1973002 1973.00 143.000  1539.00 w
 3  9  73.49300 -12.83400  5.00  1973002 1973.00 144.000  1110.88 w
 3  9  73.43100 -12.96600  5.00  1973002 1973.00 155.000  1408.20 w
 3  9  73.35700 -13.02800  5.00  1973002 1973.00 144.000  1213.70 w
 3  9  73.29500 -13.53200  5.00  1973002 1973.00 145.000   958.00 w
 3  9  73.21700 -13.85400  5.00  1973002 1973.00 145.000  1039.00 w
 3  9  73.21250 -14.10600  5.00  1172011 1972.00 241.000   206.00 w
 3  9  73.13000 -13.96200  5.00  1973002 1973.00 145.000  1507.50 w
 3  9  73.08100 -14.40000  5.00  1973002 1973.00 145.000  1545.80 w
 3  9  72.99600 -14.66000  5.00  1973002 1973.00 148.000   928.40 w
 3  9  72.96200 -15.03300  5.00  1973002 1973.00 148.000  1002.08 w
 3  9  72.82600 -15.25200  5.00  1973002 1973.00 148.000  1444.90 w
 3  9  72.75200 -15.62300  5.00  1973002 1973.00 148.000  1513.20 w
 3  9  72.68000 -15.88500  5.00  1973002 1973.00 149.000   911.38 w
 3  9  72.60200 -16.17000  5.00  1973002 1973.00 149.000   929.90 w
 3  9  72.52600 -16.37000  5.00  1973002 1973.00 149.000  1358.00 w
 2  9  69.89700   8.82600  5.00  1973002 1973.00 145.000  1741.68  
 2  9  69.86500   8.46600  5.00  1973002 1973.00 148.000   733.80  
 2  9  69.77720   7.85530  5.00  1170016 1970.00 244.000    48.00  
 2  9  69.76400   7.71200  5.00  1973002 1973.00 148.000  1248.50  
 2  9  69.70200   7.46700  5.00  1973002 1973.00 148.000  1720.00  
 2  9  69.64600   7.32700  5.00  1973002 1973.00 149.000   720.20  
 2  9  69.59100   6.87400  5.00  1973002 1973.00 149.000  1135.18  
 2  9  69.56600   6.71600  5.00  1973002 1973.00 149.000  1208.20  
 2  9  69.50900   6.21000  5.00  1973002 1973.00 149.000  1620.29  
 2  9  69.50430   6.21058  5.00  1183004 1983.00 252.000  1318.00  
 2  9  69.39900   5.99900  5.00  1973002 1973.00 152.000   726.50  
 2  9  69.39000   5.48900  5.00  1973002 1973.00 155.000   936.40  
 2  9  69.32900   5.34000  5.00  1973002 1973.00 155.000  1047.00  
 2  9  69.08950   4.21990  5.00  1170016 1970.00 245.000   348.00  
 2  9  68.97890   3.56520  5.00  1178007 1978.00 261.000  1406.00 
 3 10  66.17510 -30.46560  5.00  4177002 1977.00 232.000   801.00 w
 3 10  66.16200 -30.48810  5.00  7579007 1979.00 176.000  1858.27 w
 3 10  66.08900 -30.66710  5.00  7579007 1979.00 176.000  1811.62 w
 3 10  66.02580 -30.91560  5.00  7579007 1979.00 176.000  1647.31 w
 3 10  65.92720 -31.00370  5.00  7579007 1979.00 176.000  1558.80 w
 3 10  65.83980 -31.15020  5.00  7579007 1979.00 176.000  1434.95 w
 3 10  65.76850 -31.36920  5.00  7579007 1979.00 176.000  1348.34 w
 3 10  65.72970 -31.46560  5.00  7579007 1979.00 175.000  1859.50 w
 3 10  65.68440 -31.53470  5.00  7579007 1979.00 175.000  1848.15 w
 3 10  65.64090 -31.31080  5.00  4177001 1977.00 219.000  1346.00 w
 3 10  65.61280 -31.76440  5.00  1170015 1970.00 201.000   142.00 w
 3 10  65.58760 -31.79430  5.00  4177001 1977.00 220.000  1009.00 w
 3 10  65.57120 -31.84980  5.00  7579007 1979.00 175.000  1601.05 w
 3 10  65.52620 -31.93060  5.00  7579007 1979.00 175.000  1514.06 w
 2 10  63.21410 -12.70760  5.00  6073001 1973.00 9.00000   114.00  
 2 10  63.06960 -13.37400  5.00  2174010 1974.00 238.000    47.00
 2 10  62.93440 -13.76610  5.00  2174010 1974.00 239.000   328.00  
 2 10  62.84450 -13.86550  5.00  2174010 1974.00 241.000  1546.00  
 3 11  65.49030 -32.01840  5.00  7579007 1979.00 175.000  1353.88 w
 3 11  65.46540 -32.11270  5.00  1170015 1970.00 200.000  2130.00 w
 3 11  65.44570 -32.07210  5.00  7579007 1979.00 175.000  1347.47 w
 3 11  65.38890 -32.12980  5.00  7579007 1979.00 173.000  1446.67 w
 3 11  65.34450 -32.20680  5.00  7579007 1979.00 173.000  1440.21 w
 3 11  65.27990 -32.20190  5.00  7579007 1979.00 173.000  1315.71 w
 3 11  65.24290 -32.28550  5.00  7579007 1979.00 173.000  1229.73 w
 3 11  64.97390 -32.34760  5.00  2072002 1972.00 209.000   924.90 w
 3 11  64.95360 -32.36590  5.00  7579007 1979.00 180.000  1251.10 w
 3 11  64.89910 -32.44390  5.00  7579007 1979.00 172.000  1540.77 w
 2 11  62.42360 -14.55380  5.00  6075002 1975.00 23.0000   840.00  
 2 11  62.33770 -14.72940  5.00  2174010 1974.00 249.000  2012.00   
 3 12  64.63720 -32.65930  5.00  7579007 1979.00 168.000  1855.80 w
 3 12  64.60020 -32.75450  5.00  7579007 1979.00 168.000  1842.57 w
 3 12  64.55150 -33.14750  5.00  2072002 1972.00 216.000  1820.00 w
 3 12  64.37980 -33.11520  5.00  7579007 1979.00 168.000  1338.98 w
 2 12  62.06420 -15.11950  5.00  2174011 1974.00 237.000  1228.75  
 2 12  62.05740 -15.08430  5.00  2174011 1974.00 237.000  1220.95
 2 12  61.94400 -15.20590  5.00  2174011 1974.00 246.000   933.74  
 2 12  61.89220 -15.25420  5.00  2174011 1974.00 246.000   939.05  
 3 13  64.33700 -33.19450  5.00  7579007 1979.00 168.000  1326.68 w
 3 13  64.14310 -33.69680  5.00  7579007 1979.00 150.000  1713.02 w
 3 13  64.08790 -33.63820  5.00  2072002 1972.00 210.000   519.20 w
 3 13  64.08410 -33.70340  5.00  7579007 1979.00 150.000  1658.08 w
 3 13  63.85950 -33.91930  5.00  7579007 1979.00 148.000  1748.86 w
 3 13  63.79210 -33.90790  5.00  7579007 1979.00 148.000  1742.05 w
 3 13  63.64260 -34.01760  5.00  4177002 1977.00 233.000  2116.00 w
 2 13  61.88390 -15.33190  5.00  6075002 1975.00 17.0000   830.00  
 2 13  61.85440 -15.32410  5.00  2174011 1974.00 246.000   948.32  
 2 13  61.80580 -15.39680  5.00  2174011 1974.00 246.000   956.86  
 2 13  61.77330 -15.53640  5.00  1169008 1969.00 268.000  1740.00  
 2 13  61.75180 -15.44430  5.00  2174011 1974.00 246.000  1008.40  
 2 13  61.70550 -15.49750  5.00  2174011 1974.00 246.000  1023.12  
 2 13  61.67110 -15.59230  5.00  2174011 1974.00 246.000  1037.58  
 2 13  61.65480 -15.70920  5.00  6075002 1975.00 1.00000  2250.00  
 2 13  61.63500 -15.66380  5.00  2174011 1974.00 246.000  1053.49  
 2 13  61.56450 -15.83640  5.00  1169011 1969.00 201.000  2336.00  
 2 13  61.54550 -15.78230  5.00  2174011 1974.00 246.000  1135.40  
 2 13  61.54000 -15.87330  5.00  6075002 1975.00 22.0000  1840.00  
 3 14  63.56170 -34.20950  5.00  2073011 1973.00 281.000  2130.70 w
 3 14  63.42660 -34.30470  5.00  2072002 1972.00 210.000  2018.10 w
 3 14  63.26050 -34.59630  5.00  4177001 1977.00 215.000  1926.00 w
 3 14  63.22240 -34.59880  5.00  2072002 1972.00 211.000   410.00 w
 3 14  63.00830 -34.89290  5.00  8585001 1985.00 192.000  1120.00 w
 3 14  62.99920 -34.98560  5.00  8585001 1985.00 193.000  1718.00 w
 3 14  62.81300 -35.09540  5.00  8585001 1985.00 166.000   805.00 w
 3 14  62.62870 -35.26020  5.00  8585001 1985.00 165.000   756.00 w
 3 14  62.46770 -35.45690  5.00  1173014 1973.00 198.000  1540.00 w
 3 14  62.45100 -35.48610  5.00  8585001 1985.00 168.000  1253.00 w
 3 14  62.26880 -35.72940  5.00  8585001 1985.00 169.000   856.00 w
 3 14  62.07750 -36.02400  5.00  8585001 1985.00 170.000  1425.00 w
 3 14  61.89130 -36.31810  5.00  8585001 1985.00 171.000   820.00 w
 3 14  61.70620 -36.65110  5.00  8585001 1985.00 174.000   819.00 w
 3 14  61.52230 -36.92540  5.00  8585001 1985.00 175.000   912.00 w
 3 14  61.34510 -37.16650  5.00  8585001 1985.00 177.000  2345.00 w
 3 14  61.15800 -37.40510  5.00  8585001 1985.00 179.000   853.00 w
 3 14  60.97470 -37.64570  5.00  8585001 1985.00 180.000   426.00 w
 3 14  60.78980 -37.88610  5.00  8585001 1985.00 200.000   820.00 w
 2 14  61.52180 -15.89340  5.00  2174011 1974.00 246.000  1156.40  
 2 14  61.48790 -15.97250  5.00  2174011 1974.00 246.000  1216.89  
 2 14  61.48170 -16.14190  5.00  6067001 1967.00 37.0000   727.00  
 2 14  61.44610 -16.04000  5.00  2174011 1974.00 246.000  1241.49  
 2 14  61.43210 -16.25830  5.00  6075002 1975.00 19.0000  1940.00  
 2 14  61.41970 -16.13970  5.00  1276006 1976.00 203.000   440.00  
 2 14  61.41930 -16.16920  5.00  6076001 1976.00 353.000  1819.00  
 2 14  61.40220 -16.10450  5.00  2174011 1974.00 246.000  1308.40  
 2 14  61.38320 -16.40980  5.00  1178006 1978.00 214.000   230.00  
 2 14  61.34600 -16.43160  5.00  2174011 1974.00 246.000  1434.80  
 2 14  61.31940 -16.50560  5.00  6075002 1975.00 21.0000    40.00  
 2 14  61.26620 -16.56350  5.00  2174011 1974.00 246.000  1537.15  
 2 14  61.25610 -16.59870  5.00  2070009 1970.00 227.000   955.80  
 2 14  61.23590 -16.65230  5.00  2174011 1974.00 246.000  1617.42  
 2 14  61.20180 -16.63590  5.00  6075002 1975.00 5.00000  1330.00  
 2 14  61.16620 -16.68300  5.00  2174011 1974.00 246.000  1656.83  
 2 14  61.11810 -16.79640  5.00  1166014 1966.00 281.000  1615.00  
 2 14  61.08650 -16.83810  5.00  6075002 1975.00 6.00000  1400.00  
32 14  61.03400 -16.02820  5.00  2174011 1974.00 246.000  1506.97  
 2 14  60.96940 -17.11440  5.00  6075002 1975.00 9.00000  1020.00  
 2 14  60.85890 -17.27940  5.00  6075002 1975.00 7.00000  1020.00  
 2 14  60.85010 -17.31810  5.00  1166014 1966.00 281.000  2137.00  
 2 14  60.80030 -17.48110  5.00  1170014 1970.00 267.000   948.00  
 2 14  60.75240 -17.63480  5.00  6075002 1975.00 8.00000   740.00  
 2 14  60.69750 -17.76300  5.00  6067001 1967.00 37.0000  1539.00  
 2 14  60.67970 -17.91150  5.00  6067001 1967.00 34.0000  1013.00  
 2 14  60.64430 -17.86210  5.00  6075002 1975.00 10.00000  1730.00  
 2 14  60.35960 -18.52900  5.00  8579003 1979.00 33.0000  1103.00  
 2 14  60.31410 -18.58640  5.00  8579003 1979.00 34.0000   953.00  
 2 14  60.27720 -18.70570  5.00  8579003 1979.00 35.0000  1024.00  
 2 14  60.23660 -18.77800  5.00  8579003 1979.00 36.0000  1109.00  
 2 14  60.20090 -18.89370  5.00  8579003 1979.00 37.0000  1053.00  
 2 14  60.16420 -18.92440  5.00  6075002 1975.00 12.0000  1520.00  
 2 14  60.15150 -18.96330  5.00  8579003 1979.00 39.0000   254.00  
 2 14  60.12170 -19.03000  5.00  2173014 1973.00 247.000  1550.00  
 2 14  60.10800 -19.06640  5.00  8579003 1979.00 41.0000   306.00  
 2 14  60.04710 -19.12680  5.00  8579003 1979.00 42.0000  1046.00  
 2 14  60.01730 -19.24800  5.00  8579003 1979.00 43.0000  1013.00  
 2 14  60.01330 -19.24830  5.00  2172006 1972.00 296.000  2344.00  
 2 14  59.96420 -19.32270  5.00  8579003 1979.00 45.0000   154.00  
 2 14  59.91920 -19.38720  5.00  8579003 1979.00 46.0000  1047.00  
 2 14  59.84850 -19.37370  5.00  8579003 1979.00 49.0000    31.00  
 2 14  59.84590 -19.51230  5.00  6067001 1967.00 32.0000   435.00  
 2 14  59.83920 -19.59960  5.00  8579003 1979.00 50.0000  1035.00  
 2 14  59.80210 -19.70460  5.00  8579003 1979.00 51.0000  1050.00  
 2 14  59.74630 -19.75630  5.00  8579003 1979.00 52.0000  1055.00  
 2 14  59.69900 -19.83310  5.00  8579003 1979.00 54.0000   129.00  
 2 14  59.65950 -19.94600  5.00  1170014 1970.00 269.000  2218.00  
 2 14  59.65030 -19.92580  5.00  8579003 1979.00 55.0000   950.00  
 2 14  59.61960 -20.06380  5.00  8579003 1979.00 56.0000   955.00  
 2 14  59.59020 -20.18660  5.00  8579003 1979.00 57.0000   951.00  
 2 14  59.53740 -20.29010  5.00  8579003 1979.00 58.0000  1037.00  
 2 14  59.49210 -20.39980  5.00  8579003 1979.00 59.0000  1008.00  
 2 14  59.44930 -20.44980  5.00  8579003 1979.00 60.0000  1027.00  
 2 14  59.41080 -20.54600  5.00  8579003 1979.00 61.0000  1011.00  
 2 14  59.29630 -20.73950  5.00  6067001 1967.00 32.0000   915.00  
 2 14  59.27090 -20.80170  5.00  3177001 1977.00 189.000  2228.00  
 2 14  58.95680 -21.42510  5.00  2070009 1970.00 240.000   236.00  
 2 14  58.86690 -21.58800  5.00  2070009 1970.00 243.000   616.30  
 2 14  58.75680 -21.78810  5.00  2070009 1970.00 234.000    25.40  
 2 14  58.72550 -21.84130  5.00  1270004 1970.00 195.000   515.00  
 2 14  58.68830 -21.85800  5.00  2070009 1970.00 246.000  2231.10  
 2 14  58.50900 -22.15040  5.00  1169008 1969.00 271.000   836.00  
 2 14  58.46740 -22.23270  5.00  2070009 1970.00 244.000   811.50  
 2 14  58.42290 -22.47640  5.00  6067001 1967.00 38.0000  1057.00  
 2 14  58.41890 -22.26550  5.00  2070010 1970.00 257.000  2018.90  
 2 14  58.25740 -22.55550  5.00  2070010 1970.00 260.000   344.90  
 3 15  60.61070 -38.15000  5.00  8585001 1985.00 199.000  1107.00 w
 3 15  60.42910 -38.41040  5.00  8585001 1985.00 195.000   614.00 w
 3 15  60.23570 -38.54210  5.00  8585001 1985.00 190.000   542.00 w
 3 15  60.15370 -38.66480  5.00  1169010 1969.00 192.000   800.00 w
 3 15  60.12640 -38.71720  5.00  8585001 1985.00 245.000   507.00 w
 3 15  60.05280 -38.80040  5.00  8585001 1985.00 187.000  1339.00 w
 3 15  59.97140 -38.86700  5.00  1170013 1970.00 194.000  1106.00 w
 3 15  59.86470 -38.95530  5.00  8585001 1985.00 185.000  1259.00 w
 3 15  59.74120 -39.00010  5.00  1166012 1966.00 232.000  2240.00 w
 3 15  59.68300 -39.02530  5.00  8585001 1985.00 161.000   144.00 w
 3 15  59.50470 -39.30620  5.00  8585001 1985.00 160.000  1006.00 w
 3 15  59.32500 -39.40260  5.00  8585001 1985.00 205.000  1428.00 w
 3 15  59.24490 -39.65460  5.00  2073011 1973.00 284.000   111.20 w
 3 15  59.15670 -39.79510  5.00  8585001 1985.00 206.000   615.00 w
 3 15  59.13200 -39.85910  5.00  2071002 1971.00 169.000   805.00 w
 3 15  58.97880 -39.99460  5.00  8585001 1985.00 207.000  1611.00 w
 3 15  58.78900 -40.17060  5.00  8585001 1985.00 208.000   553.00 w
 3 15  58.63800 -40.36910  5.00  1173014 1973.00 195.000   330.00 w
 3 15  58.60630 -40.40550  5.00  8585001 1985.00 209.000  1723.00 w
 3 15  58.46260 -40.61070  5.00  2071002 1971.00 169.000  1628.00 w
 3 15  58.43060 -40.65100  5.00  8585001 1985.00 210.000   512.00 w
 3 15  58.25910 -40.85480  5.00  8585001 1985.00 211.000  1817.00 w
 3 15  58.07290 -41.15370  5.00  8585001 1985.00 212.000   341.00 w
33 15  57.57610 -42.15190  5.00  2071002 1971.00 216.000  1921.00 w
33 15  57.53920 -42.20320  5.00  8585001 1985.00 218.000   631.00 w
33 15  57.44170 -42.31500  5.00  1173014 1973.00 191.000  1736.00 w
 2 15  57.86170 -23.18670  5.00  2070010 1970.00 264.000   121.10  
 2 15  57.71380 -23.47350  5.00  1585001 1985.00 230.000  2131.00  
 2 15  57.70010 -23.47260  5.00  2070010 1970.00 265.000   319.60  
 2 15  57.66290 -23.52560  5.00  6067001 1967.00 33.0000   804.00  
 2 15  57.33850 -24.16630  5.00  6067001 1967.00 35.0000  1923.00  
 1 16  56.32950 -43.86470  5.00    66099 1966.00 237.000  1535.00 w
 1 16  56.27250 -43.85350  5.00  8579001 1979.00 31.0000  1130.00 w
 1 16  56.26360 -43.84680  5.00  1173014 1973.00 189.000   906.00 w
 1 16  56.23210 -43.87210  5.00    66099 1966.00 238.000   131.00 w
 1 16  56.15650 -43.90660  5.00  2071002 1971.00 178.000  1344.00 w
 1 16  56.15490 -43.87870  5.00    66099 1966.00 239.000  1124.00 w
 1 16  56.08570 -43.89890  5.00  1166012 1966.00 231.000   410.00 w
 1 16  56.06840 -43.84040  5.00    66099 1966.00 239.000  2056.00 w
 1 16  55.98130 -43.81100  5.00    66099 1966.00 241.000   730.00 w
 1 16  55.92390 -43.78300  5.00  8579001 1979.00 33.0000  1115.00 w
 1 16  55.90670 -43.74560  5.00    66099 1966.00 241.000  1622.00 w
32 15  56.19190 -26.66430  5.00  1169008 1969.00 274.000    12.00  
 2 16  56.01340 -26.94230  5.00  6076001 1976.00 355.000   644.00  
 2 16  55.98800 -26.95220  5.00  1276006 1976.00 223.000  1355.00  
 2 16  54.88000 -27.31830  5.00  2173014 1973.00 221.000   338.00  
 1 17  55.01900 -43.92460  5.00  2072001 1972.00 199.000  1116.00 w
 1 17  54.88890 -43.88840  5.00  8579001 1979.00 39.0000  1225.00 w
 1 17  54.85100 -43.91510  5.00  1173013 1973.00 157.000  1424.00 w
 1 17  54.74350 -43.93020  5.00  2071002 1971.00 212.000  2332.00 w
 1 17  54.53560 -43.85650  5.00  8579001 1979.00 41.0000  1212.00 w
 1 17  54.34540 -43.78090  5.00  2071002 1971.00 212.000  1038.00 w
 2 17  54.44330 -27.46170  5.00  2172002 1972.00 129.000    34.00  
 2 17  54.44330 -27.46140  5.00  6072001 1972.00 342.000    34.00  
 2 17  54.26440 -27.47780  5.00  1173015 1973.00 288.000   506.00  
 2 17  54.07030 -27.39200  5.00  1276006 1976.00 224.000   350.00  
 1 18  54.13510 -43.64670  5.00  8579001 1979.00 43.0000  1224.00 w
 1 18  53.88820 -43.74010  5.00  2071002 1971.00 214.000  2235.00 w
 1 18  53.85020 -43.65170  5.00  8579004 1979.00 140.000  1802.00 w
 1 18  53.80630 -43.67650  5.00  8579001 1979.00 2.00000  1255.00 w
 1 18  53.70530 -43.67700  5.00  2071002 1971.00 215.000  1235.00 w
 1 18  53.42130 -43.53370  5.00  8579001 1979.00 4.00000  1259.00 w
 1 18  53.30850 -43.61030  5.00  1169010 1969.00 183.000  2036.00 w
 1 18  53.09180 -43.55130  5.00   285001 1986.00 7882.00   620.00 w
 1 18  53.06500 -43.50240  5.00  8579001 1979.00 6.00000  1315.00 w
 1 18  52.81610 -43.45810  5.00   285001 1986.00 7465.00   931.00 w
 1 18  52.70770 -43.49910  5.00  8579001 1979.00 8.00000  1317.00 w
 1 18  52.58630 -43.49270  5.00  2075004 1975.00 285.000  2301.80 w
 1 18  52.55010 -43.34270  5.00   285001 1986.00 7048.00  2341.00 w
 2 18  53.59000 -27.51500  5.00  2173015 1973.00 149.000   612.00  
 2 18  53.50120 -27.49330  5.00  1276006 1976.00 224.000   805.00  
 2 18  53.32170 -27.59330  5.00  2173013 1973.00 219.000   342.00  
 2 18  53.16090 -27.55210  5.00  6067001 1967.00 36.0000  1127.00  
 2 18  52.98480 -27.55940  5.00  1283006 1983.00 218.000    20.00  
 2 18  52.60190 -27.64190  5.00  2071007 1971.00 194.000  1440.00  
 2 18  52.40370 -27.67370  5.00  1276006 1976.00 224.000  1805.00  
 1 19  51.98500 -38.24500  5.00  8579001 1979.00 13.0000   144.00 w
 1 19  51.79310 -38.17170  5.00  1169010 1969.00 182.000  1036.00 w
 1 19  51.61070 -38.03440  5.00  8579001 1979.00 15.0000   130.00 w
32 19  51.63020 -22.70120  5.00  1366004 1966.00 200.000  1649.00  
32 20  51.29670 -22.71000  5.00  2173013 1973.00 230.000   804.00  
32 20  51.18270 -22.78150  5.00  5081901 1981.00 226.000  1447.00
 1 19  51.26750 -37.72330  5.00  8579001 1979.00 17.0000   232.00 w
 1 19  51.12220 -37.74730  5.00  1283006 1983.00 226.000  1100.00 w 
 1 19  50.85650 -37.45270  5.00  8579001 1979.00 19.0000   252.00 w
 1 19  50.65920 -37.51690  5.00  1377007 1977.00 208.000  1722.00 w
 1 19  50.51210 -37.36070  5.00  8579001 1979.00 21.0000   154.00 w
 2 19  50.85670 -22.67830  5.00  2173013 1973.00 230.000  1633.00  
 2 19  50.84460 -22.66120  5.00  1283006 1983.00 208.000  1440.00  
 2 19  50.73670 -22.77000  5.00  2172006 1972.00 318.000  1931.00  
 2 19  50.58500 -22.45170  5.00  2174007 1974.00 276.000  1051.00  
 2 19  50.57140 -22.47390  5.00  1178001 1978.00 292.000   810.00  
 2 19  50.35500 -22.44170  5.00  2173014 1973.00 254.000  1348.00  
 1 20  49.38850 -35.22060  5.00  8579001 1979.00 29.0000   721.00 w
 1 20  48.98010 -35.22270  5.00  8579001 1979.00 30.0000   836.00 w
 2 20  47.86170 -20.44000  5.00  1170003 1970.00 292.000   530.00
32 22  49.43170 -21.15500  5.00  2172005 1972.00 209.000  2025.00  
 1 21  47.69100 -34.50400  5.00  1366004 1966.00 198.000  2158.00 w
 1 21  48.09000 -34.52330  5.00  2174008 1974.00 345.000  1112.00 w 
31 24  46.04300 -34.24500  5.00  5065009 1965.00 228.000   430.00 w
 2 21  46.63330 -20.09830  5.00  2173015 1973.00 154.000  2120.00  
 2 21  46.28000 -20.12100  5.00  1368001 1968.00 141.000  1130.00  
 2 21  46.16700 -20.13300  5.00  5065009 1965.00 225.000    25.00  
31 25  45.84170 -34.55210  5.00  3173901 1973.00 159.000  1850.00 w
31 25  45.62000 -34.55820  5.00  1184004 1984.00 212.000  2237.62 w
 2 21  46.05050 -20.38570  5.00  3175001 1975.00 188.000  2110.00  
 2 21  46.02830 -20.31330  5.00  2172006 1972.00 323.000  1005.00  
 2 21  45.98200 -20.46100  5.00  1367007 1967.00 146.000  1645.00  
 2 21  45.93500 -20.37830  5.00  2174004 1974.00 194.000    40.00  
 2 21  45.86240 -20.41300  5.00  3178905 1978.00 180.000   856.00  
 2 21  45.81110 -20.42130  5.00  1170003 1970.00 294.000  2118.00  
 2 21  45.80170 -20.47830  5.00  2172005 1972.00 197.000  1615.00  
 2 21  45.74700 -20.41010  5.00  1274004 1974.00 206.000  2055.00  
 1 22  60.21630 -58.64660  5.00    75009 1975.00 273.000  1058.00 w
 1 22  60.06060 -57.93970  5.00    75009 1975.00 275.000  1640.00 w
 1 22  59.88460 -57.29500  5.00    74023 1974.00 223.000   440.00 w
 3 22  61.09860 -57.78270  5.00    74023 1974.00 229.000   907.00  
 3 22  60.91580 -57.37190  5.00  5577002 1977.00 232.000  1331.00  
 1 23  58.71790 -55.29300  5.00    74023 1974.00 212.000  2339.00 w
 1 23  58.54630 -54.69280  5.00    74023 1974.00 202.000  2222.00 w
 1 23  58.29080 -54.37470  5.00    74023 1974.00 200.000  1744.00 w
 1 23  58.04190 -53.99620  5.00    74023 1974.00 198.000  1545.00 w
 1 23  57.81740 -53.57390  5.00    74023 1974.00 196.000   713.00 w
 1 23  57.32750 -52.91920  5.00    74023 1974.00 192.000  1253.00 w
 1 23  58.52660 -54.77430  5.00     74023 1974.00 202.000 2207.00 w
 1 23  58.28630 -54.39250  5.00     74023 1974.00 200.000 1749.00 w
 1 23  58.16720 -54.16880  5.00     77019 1977.00 270.000 2152.00 w
 1 23  58.05630 -53.95620  5.00      5577002 1977.00 211.000 25.0000 w
 1 23  58.04330 -53.99040  5.00      74023 1974.00 198.000 1546.00 w
 3 23  60.15190 -54.65370  5.00     5577002 1977.00 241.000 1958.00
 3 23  60.07290 -54.44320  5.00     5577002 1977.00 211.000 1859.00
 3 23  59.96180 -54.31030  5.00      74023 1974.00 221.000 1449.00
 3 23  59.91860 -54.48300  5.00    74023 1974.00 221.000  1521.00 w
 3 23  59.66740 -54.15790  5.00    74023 1974.00 220.000    59.00 w
 3 23  59.47440 -53.61170  5.00    74023 1974.00 216.000  1700.00 w
 3 23  58.98130 -52.93790  5.00    74023 1974.00 203.000   346.00
 3 23  58.94620 -53.07200  5.00     74023 1974.00 203.000 321.000
 3 23  58.73500 -52.59370  5.00     74023 1974.00 200.000 906.000
 3 23  58.63670 -52.38310  5.00     5577002 1977.00 238.000 624.000 
 3 23  58.48550 -52.23570  5.00    74023 1974.00 198.000  2055.00 
 3 23  58.25650 -51.96960  5.00     84030 1984.00 230.000 137.000
 3 23  58.22670 -51.91830  5.00     74023 1974.00 196.000 0.
 3 23  58.13500 -51.75000  5.00      0.2 v1615    w     0.00  
 3 23  58.03030 -51.50860  5.00      67099 1967.00 238.000 1246.00
 1 24  56.91420 -51.88680  5.00     74023 1974.00 189.000 348.000 w
 1 24  56.88960 -51.92010  5.00     66099 1966.00 204.000 334.000 w
 1 24  56.85430 -51.55490  5.00     66099 1966.00 204.000 128.000 w
 1 24  56.84150 -50.84990  5.00     66099 1966.00 193.000 6.00000 w
 1 24  56.81940 -50.98630  5.00     74023 1974.00 187.000 2251.00 w
 3 24  57.78340 -49.00640  5.00     8585001 1985.00 222.000 336.000
 3 24  57.78280 -49.27630  5.00     5577002 1977.00 209.000 2157.00
 3 24  57.76430 -49.85210  5.00     74023 1974.00 190.000 2221.00
 3 24  57.76410 -49.85660  5.00     84030 1984.00 227.000 1003.000
 3 24  57.76220 -49.61330  5.00     5577002 1977.00 209.000 2340.00
 3 24  57.75540 -50.84430  5.00     66099 1966.00 198.000 435.000
 3 24  57.71820 -50.36540  5.00     66099 1966.00 188.000 1556.00 
 1 25  56.76300 -49.22900  5.00      0.4 v2911    w     0.00  
 1 25  56.82650 -49.54070  5.00     74023 1974.00 177.000 1224.00 w
31 24  56.82100 -49.45000  5.00      0.8 eel02    w     0.00 mis, a22 
 1 25  56.62800 -48.82800  5.00      0.7 jch02    w     0.00  
 1 25  56.63200 -49.32400  5.00      0.7 v2911    w     0.00  
 1 25  56.50400 -48.47600  5.00      1.6 ggl12    w     0.00 
 1 25  56.82650 -49.54070  5.00    74023 1974.00 177.000 1224.00 w
 1 25  56.65820 -48.88320  5.00    74023 1974.00 175.000 2351.00 w
 1 25  56.40820 -48.21650  5.00    66099 1966.00 194.000 2130.00 w 
 1 25  56.32600 -47.65500  5.00      0.7 v2911    w     0.00
31 24  56.23300 -48.11000  5.00      0.9 ggl12    w     0.00  mis, a22
33 25  57.86200 -48.41200  5.00      0.6 v2911    e     0.00  mis, 22
33 24  57.86200 -48.36900  5.00      0.6 eel02    e     0.00  mis, 22
 3 25  57.71200 -48.50300  5.00      1.0 v2911    e     0.00  
 3 25  57.51800 -47.60200  5.00      1.2 jch02    e     0.00  
33 24  57.94560 -49.16920  5.00    84030 1984.00 227.000   804.00 w mis, 22
33  3  57.32800 -47.59900  5.00      0.6 jch02    e     0.00  mis
 3 25  57.39200 -47.25500  5.00      0.8 v2911    e     0.00  
33 24  57.55100 -47.19400  5.00      0.1 v2911    e     0.00  mis, 22
 3 25  57.73330 -48.64870  5.00   8585001 1985.00 233.000 2228.00
 3 25  57.71630 -48.62100  5.00   74023 1974.00 188.000 1735.00
 3 25  57.65690 -48.24090  5.00   8585001 1985.00 235.000 240.000
 3 25  57.60530 -48.13970  5.00   8585001 1985.00 231.000 438.000
 3 25  57.58010 -47.93270  5.00   8585001 1985.00 237.000 826.000
 3 25  57.37050 -47.19480  5.00   8585001 1985.00 236.000 2022.00
31 26  56.46300 -47.24400  5.00      0.9 ly71d    w     0.00  mis
31 26  56.52600 -47.53200  5.00      1.1 v2911    w     0.00  mis
31 26  56.19200 -46.76200  5.00      0.2 v2801    w     0.00  mis
31 26  56.29100 -46.95100  5.00      0.7 ly71d    w     0.00  
31 26  56.32300 -46.69500  5.00      0.4 v2801    w     0.00  
31 26  56.35200 -46.44100  5.00      0.1 44103    w     0.00  
31 26  56.38000 -45.48160  5.00     84030 1984.00 220.000 725.000 w
31 26  56.37340 -46.06970  5.00     66099 1966.00 210.000 152.000 w
31 26  56.35990 -46.01060  5.00     8585001 1985.00 230.000 2227.00 w
31 26  56.35780 -45.72870  5.00     66099 1966.00 210.000 2143.00 w
33 25  57.44200 -46.13000  5.00      0.4 v2801    e     0.00  mis, 22
33 25  57.44900 -46.18700  5.00      0.3 ly71d    e     0.00  mis, 22
33 26  57.1584 -46.4532 8585001 1985.00 238.000 1253.00
33 26  57.1401 -46.0952 84030 1984.00 220.000 1140.00
 1 26  52.52300 316.52400  5.00 
 1 26  52.55700 316.74500  5.00 
 1 26  52.59100 316.99300  5.00 
 1 26  52.89300 320.79700  5.00 
 1 26  52.89300 321.04500  5.00 
 2 26  52.30700 332.43100  5.00 
 2 26  52.34000 332.65100  5.00 
 2 26  52.17100 336.84200  5.00 
 2 26  52.17100 337.20000  5.00 
 1 27  50.28300 322.89200  5.00 
 1 27  50.26600 323.22300  5.00 
 1 27  50.23000 324.35400  5.00 
 1 27  50.23000 324.35400  5.00
 2 27  50.23000 324.35400  5.00 
 2 27  49.32000 337.72400  5.00 
 2 27  49.28400 338.79900  5.00 
 2 27  49.28400 338.79900  5.00 
