 21
 1  1  89.07540  37.85320  5.00  1975005 1975.00 199.000  1726.10  
 1  1  89.04510  32.50460  5.00  1975005 1975.00 199.000  2026.80  
 1  1  88.99080  28.63510  5.00  1975005 1975.00 200.000  1708.52 
 2  1  84.13790  52.02720  5.00  1975005 1975.00 199.000  1840.20  
 2  1  84.08350  51.25860  5.00  1975005 1975.00 199.000  1909.40  
 2  1  84.03520  50.47190  5.00  1975005 1975.00 200.000  1818.22  
 2  1  83.96560  49.06490  5.00  1975005 1975.00 203.000  1806.30
 1  2  88.84050  27.67100  5.00  1975005 1975.00 200.000  2000.72  
 1  2  88.78510  24.36120  5.00  1975005 1975.00 203.000  1650.62  
 1  2  88.74010  21.27550  5.00  1975005 1975.00 203.000  1937.42  
 1  2  88.68370  18.34420  5.00  1975005 1975.00 205.000  1705.12  
 1  2  88.64660  15.11320  5.00  1975005 1975.00 205.000  1959.22  
 1  2  88.58210  13.05030  5.00  1975005 1975.00 206.000  1643.22
 1  2  88.54940   9.73680  5.00  1975005 1975.00 206.000  1936.52  
 2  2  83.86350  47.60860  5.00  1975005 1975.00 205.000  1819.92  
 2  2  83.85570  48.44940  5.00  1975005 1975.00 203.000  1833.62  
 2  2  83.76100  46.13440  5.00  1975005 1975.00 206.000  1756.22  
 2  2  83.73380  46.94160  5.00  1975005 1975.00 205.000  1847.40 
 2  2  83.66720  42.95000  5.00  1975005 1975.00 300.000  1642.00
 1  3  88.35620   6.86050  5.00  1975005 1975.00 300.000  1527.20  
 1  3  88.19700   3.72440  5.00  1975005 1975.00 300.000  1840.30  
 1  3  88.08560   1.06380  5.00  1975005 1975.00 301.000  1511.41  
 1  3  87.95770  -1.16440  5.00  1975005 1975.00 301.000  1826.80  
 1  3  87.83500  -4.02810  5.00  1975005 1975.00 302.000  1440.20  
 1  3  87.47980 -12.92860  5.00  1975005 1975.00 304.000  1811.20 
 1  3  87.35040 -14.95560  5.00  1975005 1975.00 305.000  1836.59 
 2  3  83.46760  41.18020  5.00  1975005 1975.00 300.000  1718.20  
 2  3  83.46000  40.66110  5.00  1975005 1975.00 301.000  1629.80  
 2  3  83.41420  39.38440  5.00  1975005 1975.00 301.000  1708.09  
 2  3  83.33760  38.19940  5.00  1975005 1975.00 302.000  1556.50  
 2  3  83.31270  36.91640  5.00  1975005 1975.00 302.000  1640.59
 2  3  83.24290  34.06130  5.00  1975005 1975.00 304.000  1652.00 
 2  3  83.24230  35.85860  5.00  1975005 1975.00 304.000  1606.30  
 2  3  83.16760  33.12280  5.00  1975005 1975.00 305.000  1956.09
 2  3  83.07820  30.94620  5.00  1975005 1975.00 211.000  1709.52 
 2  3  83.15100  31.98610  5.00  1975005 1975.00 305.000  2040.70  
31  2  87.20630 -18.57650  5.00  1975005 1975.00 305.000  2204.30  
 1  4  87.08950 -19.87670  5.00  1975005 1975.00 211.000  1556.50  
 1  4  86.93520 -21.15040  5.00  1975005 1975.00 213.000  1610.83  
 1  4  86.85440 -21.98160  5.00  1975005 1975.00 213.000  1923.70  
 1  4  86.76780 -21.59100  5.00  1975005 1975.00 214.000  1633.83  
 1  4  86.68940 -22.09040  5.00  1975005 1975.00 214.000  1943.02  
 1  4  86.59220 -21.43400  5.00  1975005 1975.00 215.000  1557.62  
 1  4  86.50900 -21.81770  5.00  1975005 1975.00 215.000  1902.00  
 2  4  83.11150  29.14500  5.00  1975005 1975.00 213.000  1721.62  
 2  4  83.10200  28.53810  5.00  1975005 1975.00 213.000  1756.62 
 2  4  83.05510  27.93490  5.00  1975005 1975.00 214.000  1750.50  
 2  4  83.01620  27.31510  5.00  1975005 1975.00 214.000  1822.32  
 2  4  82.92850  26.89710  5.00  1975005 1975.00 215.000  1714.02  
 2  4  82.86170  26.41830  5.00  1975005 1975.00 215.000  1741.70  
 3  5  75.65000  -2.04800  5.00  1972001 1972.00 248.000  1033.40 w
 3  5  75.61930  -2.26400  5.00  1169011 1969.00 215.000  1248.00 w
 3  5  75.61070  -2.35570  5.00  2072004 1972.00 266.000   739.40 w
 3  5  75.56500  -2.87100  5.00  1973002 1973.00 119.000   853.40 w
 3  5  75.56100  -2.81730  5.00  1172011 1972.00 244.000  2212.00 w
 3  5  75.54300  -2.14600  5.00  1972001 1972.00 248.000  1233.18 w
 3  5  75.49800  -3.24200  5.00  1973002 1973.00 119.000  1050.80 w
 3  5  75.45000  -3.54900  5.00  1973002 1973.00 119.000  1329.28 w
 3  5  75.41300  -3.78170  5.00  1173016 1973.00 223.000   318.00 w
 3  5  75.30700  -3.93900  5.00  1973002 1973.00 119.000  1524.50 w
 3  5  75.23190  -4.43900  5.00  1172011 1972.00 244.000   524.00 w
 3  5  75.15920  -4.92800  5.00  1169011 1969.00 214.000  1818.00 w
 3  5  75.10610  -5.22720  5.00  1172011 1972.00 244.000   242.00 w
 3  5  75.03900  -5.71500  5.00  1973002 1973.00 123.000   902.00 w
 3  5  75.01880  -5.72144  5.00  1183004 1983.00 254.000   804.00 w
 3  5  74.95300  -6.00800  5.00  1973002 1973.00 123.000  1040.80 w
 3  5  74.89600  -6.19000  5.00  1973002 1973.00 123.000  1355.58 w
 2  5  70.45200  15.56600  5.00  1973002 1973.00 129.000  2001.90  
 2  5  70.40450  15.17880  5.00  7069001 1969.00 54.0000  1044.48  
 2  5  70.37200  14.81900  5.00  1973002 1973.00 129.000  1435.50  
 2  5  70.33000  14.55400  5.00  1973002 1973.00 131.000   916.80  
 2  5  70.29400  14.25100  5.00  1973002 1973.00 131.000  1407.88  
 2  5  70.24400  13.92000  5.00  1973002 1973.00 131.000  1430.78  
 2  5  70.15200  13.83050  5.00  1973002 1973.00 131.000  1910.80  
 2  5  70.10300  13.61400  5.00  1973002 1973.00 142.000   822.28  
 2  5  70.06100  13.06900  5.00  1973002 1973.00 143.000   717.00  
 2  5  70.00700  12.87400  5.00  1973002 1973.00 143.000  1223.70  
 2  5  69.93800  12.57800  5.00  1973002 1973.00 143.000  1241.90  
 3  6  74.85840  -6.75520  5.00  2072003 1972.00 230.000   950.00 w
 3  6  74.84000  -6.78300  5.00  1973002 1973.00 123.000  1532.18 w
 3  6  74.78400  -7.05900  5.00  1973002 1973.00 125.000   942.58 w
 3  6  74.73000  -7.61500  5.00  1973002 1973.00 125.000  1113.60 w
 3  6  74.67300  -8.05900  5.00  1973002 1973.00 125.000  1443.30 w
 3  6  74.65300  -8.72900  5.00  1973002 1973.00 125.000  1606.38 w
 3  6  74.60840  -8.37120  5.00  1169013 1969.00 245.000   300.00 w
 3  6  74.56700  -8.87700  5.00  1973002 1973.00 127.000  2030.78 w
 3  6  74.55000  -9.07390  5.00  1173016 1973.00 221.000  1336.00 w
 3  6  74.49200  -9.55100  5.00  1973002 1973.00 127.000  2140.40 w
 3  6  74.44200  -9.73200  5.00  1973002 1973.00 129.000  1120.58 w
 2  6  69.91030  12.12060  5.00  1173017 1973.00 244.000   520.00  
 2  6  69.88420  12.01030  5.00  1166014 1966.00 274.000   910.00  
 2  6  69.82200  11.63400  5.00  1973002 1973.00 144.000  1408.60  
 2  6  69.79100  11.05200  5.00  1973002 1973.00 145.000   745.58  
 2  6  69.78660  11.15360  5.00  7073001 1974.00 10401.00   706.00  
 2  6  69.78300  10.46200  5.00  1973002 1973.00 145.000  1237.58  
 2  6  69.78200  12.31600  5.00  1973002 1973.00 144.000   904.60  
 2  6  69.76580  10.96000  5.00  7073001 1974.00 10469.00  1256.00  
 2  6  69.76420  11.59950  5.00  7073001 1974.00 10262.00   448.00  
 2  6  69.75170  11.40850  5.00  7073001 1974.00 10330.00  1056.00  
 2  6  69.74890  10.67790  5.00  7073001 1974.00 10540.00   558.00  
 2  6  69.72740  10.48761  5.00  7073001 1974.00 10608.0   754.00  
 2  6  69.70700  10.04170  5.00  1170016 1970.00 243.000   518.00  
 2  6  69.68200   9.90800  5.00  1973002 1973.00 145.000  1747.68  
 2  6  69.67100   9.51400  5.00  1973002 1973.00 148.000   727.78  
 2  6  69.66630   9.51211  5.00  7073001 1974.00 10748.0  1904.00  
 3  7  74.37320 -10.23120  5.00  1172011 1972.00 243.000   254.00 w
 3  7  74.36000 -10.50700  5.00  1973002 1973.00 129.000  1222.40 w
 3  7  74.35300 -10.07200  5.00  1973002 1973.00 129.000  1746.08 w
 3  7  74.24900 -10.81200  5.00  1973002 1973.00 129.000  1648.18 w
 3  7  74.18100 -11.00300  5.00  1973002 1973.00 131.000  1112.38 w
 3  7  74.08000 -11.35600  5.00  1973002 1973.00 131.000  1145.00 w
 3  7  74.02800 -11.50400  5.00  1973002 1973.00 131.000  1625.70 w
 2  7  69.59700   8.57700  5.00  1973002 1973.00 148.000  1243.18  
 2  7  69.54600   8.31600  5.00  1973002 1973.00 148.000  1724.90  
 2  7  69.53630   8.43820  5.00  1170016 1970.00 243.000  2300.00  
 2  7  69.50800   8.06700  5.00  1973002 1973.00 149.000   711.20  
 2  7  69.42200   7.81200  5.00  1973002 1973.00 149.000  1140.58  
 2  7  69.36500   7.65800  5.00  1973002 1973.00 149.000  1202.50       
 3  8  73.98400 -12.16100  5.00  1973002 1973.00 131.000  1649.80 w
 3  8  73.93360 -12.31920  5.00  1172011 1972.00 241.000  2242.00 w
 3  8  73.91700 -12.35500  5.00  1973002 1973.00 142.000   620.50 w
 3  8  73.84800 -12.80600  5.00  1973002 1973.00 143.000   929.78 w
 3  8  73.72700 -12.92800  5.00  1973002 1973.00 143.000  1018.79 w
 3  8  73.67150 -13.39350  5.00  1973002 1973.00 143.000  1453.02 w
 3  8  73.60700 -13.63700  5.00  1973002 1973.00 143.000  1535.30 w
 3  8  73.57300 -13.79500  5.00  1973002 1973.00 144.000  1114.88 w
 3  8  73.51500 -13.98500  5.00  1973002 1973.00 155.000  1404.00 w
 3  8  73.47100 -14.24300  5.00  1973002 1973.00 144.000  1209.00 w
 3  8  73.37600 -14.46600  5.00  1973002 1973.00 145.000  1002.18 w
 3  8  73.37010 -14.53510  5.00  1172011 1972.00 241.000   318.00 w
 3  8  73.30000 -14.80300  5.00  1973002 1973.00 145.000  1034.90 w
 3  8  73.27440 -14.92140  5.00  1183004 1983.00 264.000  2129.00 w
 3  8  73.22400 -15.04800  5.00  1973002 1973.00 145.000  1512.38 w
 3  8  73.16000 -15.40600  5.00  1973002 1973.00 145.000  1541.30 w
 3  8  73.10800 -15.94000  5.00  1973002 1973.00 148.000   933.90 w
 2  8  69.33900   7.20000  5.00  1973002 1973.00 149.000  1626.29
 2  8  69.32330   6.99833  5.00  2175004 1975.00 249.000  1010.00  
 2  8  69.28280   6.62650  5.00  1183004 1983.00 252.000  1139.00  
 2  8  69.23100   6.30100  5.00  1973002 1973.00 155.000   941.40  
 2  8  69.14600   6.49900  5.00  1973002 1973.00 155.000  1042.40
 2  8  69.00400   5.25760  5.00  1178009 1978.00 233.000  1948.00
 2  8  68.90120   4.87550  5.00  1178009 1978.00 233.000  1320.00  
 2  8  68.84250   4.53940  5.00  1170016 1970.00 245.000   530.00  
 2  8  68.80590   4.16040  5.00  1173017 1973.00 264.000  1736.00  
 2  8  68.66830   3.40430  5.00  1178007 1978.00 261.000   912.00  
 2  8  68.65840   3.33117  5.00  1990001 1990.00 255.000  2125.18  
 2  8  68.63140   3.00627  5.00  1183003 1983.00 248.000   434.00
 2  8  68.61670   3.24610  5.00  1166014 1966.00 275.000  1940.00
 3  9  72.93900 -16.90600  5.00  1973002 1973.00 148.000  1452.30 w
 3  9  72.86990 -16.93660  5.00  7579004 1979.00 216.000  1717.55 w
 3  9  72.85600 -16.94600  5.00  1973002 1973.00 148.000  1506.50 w
 3  9  72.81230 -17.00700  5.00  7579004 1979.00 216.000  1728.66 w
 3  9  72.77700 -17.13800  5.00  1973002 1973.00 149.000   916.78 w
 3  9  72.76850 -17.05290  5.00  7579004 1979.00 217.000  1113.79 w
 3  9  72.71390 -17.31130  5.00  7579004 1979.00 217.000  1230.75 w
 3  9  72.65850 -17.37950  5.00  7579004 1979.00 217.000  1248.02 w
 3  9  72.60250 -17.17350  5.00  7579004 1979.00 217.000  1407.15 w
 3  9  72.59000 -17.17700  5.00  1973002 1973.00 149.000  1401.58 w     
 2  9  68.47310   2.44780  5.00  2187001 1987.00 65.0000  1328.82  
 2  9  68.39300   2.25820  5.00  2187001 1987.00 65.0000  1501.80  
 2  9  68.37670   2.21530  5.00  4070007 1970.00 280.000   423.00  
 2  9  68.34430   2.22020  5.00  2187001 1987.00 65.0000  1536.95  
 2  9  68.30310   2.16200  5.00  2187001 1987.00 44.0000  1740.19  
 2  9  68.29330   2.12890  5.00  2187001 1987.00 65.0000  1548.55  
 2  9  68.25160   2.73480  5.00  2187001 1987.00 65.0000   820.00  
32  2  65.84190   1.62320  5.00  1173017 1973.00 271.000   742.00  
32  2  67.58550   0.73380  5.00  2187001 1987.00 35.0000  1808.70  
32  2  67.55430   0.76110  5.00  2187001 1987.00 44.0000  1120.72  
32  2  62.99320 -12.74610  5.00  6073001 1973.00 9.00000   256.00  
32  2  62.93680 -12.81420  5.00  2174010 1974.00 239.000  1015.00  
32  2  62.83740 -13.39990  5.00  2174010 1974.00 241.000  1248.00  
32  2  62.63470 -13.61410  5.00  2174010 1974.00 245.000  1732.00  
32  2  62.53340 -13.73100  5.00  2174010 1974.00 246.000  2034.00  
32  2  62.44030 -13.83430  5.00  2174010 1974.00 249.000   717.00  
32  2  62.38220 -13.76070  5.00  6075002 1975.00 23.0000   610.00  
32  2  62.05430 -14.39630  5.00  1169008 1969.00 268.000  1306.00  
 3 10  62.81110 -35.66570  5.00  8585001 1985.00 166.000   711.00 w
 3 10  62.63290 -36.00030  5.00  8585001 1985.00 165.000   905.00 w
 3 10  62.52170 -36.17070  5.00  1173014 1973.00 198.000  1320.00 w
 3 10  62.44770 -36.25790  5.00  8585001 1985.00 168.000  1419.00 w
 3 10  62.26120 -36.42650  5.00  8585001 1985.00 169.000   733.00 w
 3 10  62.07280 -36.65870  5.00  8585001 1985.00 170.000  1526.00 w
 3 10  61.89560 -36.99350  5.00  8585001 1985.00 171.000   700.00 w
 3 10  61.70410 -37.41120  5.00  8585001 1985.00 174.000   946.00 w
 3 10  61.52290 -37.65560  5.00  8585001 1985.00 175.000   747.00 w
 3 10  61.34200 -37.93620  5.00  8585001 1985.00 178.000   113.00 w
 3 10  61.15390 -38.17400  5.00  8585001 1985.00 179.000   718.00 w
 3 10  60.97520 -38.37210  5.00  8585001 1985.00 180.000   554.00 w
 3 10  60.89330 -38.45120  5.00  2072002 1972.00 214.000  2200.40 w
 3 10  60.79390 -38.58670  5.00  8585001 1985.00 200.000   656.00 w
 3 10  60.60740 -38.80280  5.00  8585001 1985.00 199.000  1222.00 w
 3 10  60.42780 -38.95130  5.00  8585001 1985.00 195.000   517.00 w
 3 10  60.35000 -39.02430  5.00  8585001 1985.00 245.000   356.00 w
 3 10  60.24260 -39.17660  5.00  8585001 1985.00 190.000   650.00 w
 3 10  60.05400 -39.32960  5.00  8585001 1985.00 187.000  1245.00 w
32 10  61.71970 -14.72700  5.00  6075002 1975.00 18.0000  1200.00  
32 10  61.61070 -14.94560  5.00  6075002 1975.00 2.00000    50.00  
32 10  61.55790 -15.05000  5.00  1166014 1966.00 281.000  1115.00  
32 10  61.55770 -15.11610  5.00  2174011 1974.00 246.000  1004.89  
32 10  61.50290 -15.15360  5.00  2174011 1974.00 246.000  1026.89  
32 10  61.49310 -15.06130  5.00  6075002 1975.00 22.0000  2120.00  
32 10  61.45290 -15.22060  5.00  2174011 1974.00 246.000  1033.60  
32 10  61.43250 -15.31470  5.00  2174011 1974.00 246.000  1057.29  
32 10  61.35850 -15.06240  5.00  6075002 1975.00 19.0000  2240.00  
32 10  61.32620 -15.06660  5.00  1178006 1978.00 214.000   606.00  
32 10  61.29820 -15.19120  5.00  1169011 1969.00 202.000   206.00  
32 10  61.29400 -15.22660  5.00  1276006 1976.00 203.000   135.00  
32 10  61.28610 -15.18040  5.00  6076001 1976.00 353.000  1739.00  
32 10  61.25170 -15.26330  5.00  6075002 1975.00 20.0000  2050.00  
32 10  61.15170 -15.68330  5.00  2174011 1974.00 246.000  1313.06  
32 10  61.13310 -15.93350  5.00  6067001 1967.00 34.0000   150.00  
32 10  61.12210 -15.77340  5.00  2174011 1974.00 246.000  1331.80  
32 10  61.07680 -15.84340  5.00  2174011 1974.00 246.000  1407.34  
32 10  61.05800 -16.08660  5.00  2070009 1970.00 227.000   822.70  
32 10  61.05640 -15.83860  5.00  6067001 1967.00 37.0000   617.00  
32 10  61.05390 -15.92850  5.00  2174011 1974.00 246.000  1429.49  
32 10  61.03400 -16.02820  5.00  2174011 1974.00 246.000  1506.97  
32 10  61.02120 -15.82760  5.00  6075002 1975.00 6.00000  1630.00  
32 10  60.99240 -15.69200  5.00  2174011 1974.00 246.000  1408.95  
32 10  60.97480 -15.85540  5.00  6067001 1967.00 34.0000   121.00  
32 10  60.96970 -15.80010  5.00  2174011 1974.00 246.000  1428.02  
32 10  60.96020 -15.83420  5.00  2070009 1970.00 227.000   736.70  
32 10  60.92980 -16.13940  5.00  2174011 1974.00 246.000  1623.09  
32 10  60.92470 -15.98310  5.00  2174011 1974.00 246.000  1530.98  
32 10  60.92050 -15.85150  5.00  2174011 1974.00 246.000  1509.00  
32 10  60.91890 -16.24170  5.00  6075002 1975.00 9.00000   800.00  
32 10  60.90830 -15.95480  5.00  2174011 1974.00 246.000  1530.69  
32 10  60.90260 -16.21950  5.00  2174011 1974.00 246.000  1652.09  
32 10  60.80530 -16.47100  5.00  6075002 1975.00 7.00000   820.00  
32 10  60.74780 -16.50040  5.00  1170014 1970.00 267.000   642.00  
32 10  60.67970 -16.43800  5.00  6075002 1975.00 8.00000  1040.00  
32 10  60.59030 -17.11020  5.00  6075002 1975.00 10.00000  1920.00  
32 10  60.31000 -17.63930  5.00  6067001 1967.00 34.0000  1129.00  
 2 10  59.96210 -18.57220  5.00  8579003 1979.00 41.0000   415.00  
 2 10  59.85020 -18.66630  5.00  8579003 1979.00 43.0000  1133.00  
 2 10  59.78830 -18.71350  5.00  8579003 1979.00 45.0000   317.00  
 2 10  59.76210 -18.90100  5.00  6067001 1967.00 34.0000  1326.00  
 2 10  59.75500 -18.85000  5.00  2173014 1973.00 247.000  1248.00  
 2 10  59.74510 -18.78590  5.00  8579003 1979.00 46.0000  1211.00  
 2 10  59.72190 -18.94240  5.00  8579003 1979.00 49.0000   131.00  
 2 10  59.71670 -19.04500  5.00  2172006 1972.00 297.000   142.00  
 2 10  59.69770 -19.11140  5.00  8579003 1979.00 50.0000  1143.00  
 2 10  59.65560 -19.20190  5.00  8579003 1979.00 51.0000  1158.00  
 2 10  59.60500 -19.26450  5.00  8579003 1979.00 52.0000  1205.00  
 2 10  59.57560 -19.38190  5.00  6067001 1967.00 32.0000   530.00  
 2 10  59.54620 -19.31440  5.00  8579003 1979.00 54.0000   241.00  
 2 10  59.52110 -19.48200  5.00  1170014 1970.00 270.000     0.00  
 2 10  59.48210 -19.60360  5.00  8579003 1979.00 56.0000  1059.00  
 2 10  59.27790 -20.25450  5.00  3177001 1977.00 189.000  2042.00  
 2 10  59.21340 -20.37730  5.00  6067001 1967.00 32.0000   842.00  
 2 10  58.95270 -20.74430  5.00  2070009 1970.00 240.000     8.00  
 2 10  58.84700 -21.09110  5.00  2070009 1970.00 243.000   751.60  
 2 10  58.82060 -21.13650  5.00  1270004 1970.00 195.000   745.00  
 2 10  58.67760 -21.33600  5.00  2070009 1970.00 246.000  2343.40  
 2 10  58.45010 -21.72560  5.00  2070009 1970.00 244.000   535.70  
 2 10  58.38340 -21.53960  5.00  2070010 1970.00 257.000  1810.80  
 2 10  58.27140 -22.20360  5.00  6067001 1967.00 38.0000  1143.00  
 2 10  58.25310 -21.94160  5.00  2070010 1970.00 260.000   536.30  
 2 10  58.19260 -21.96860  5.00  2070009 1970.00 234.000   400.30  
 2 10  58.07840 -22.14880  5.00  2070010 1970.00 261.000   823.70
 2 10  57.87730 -22.48130  5.00  2070010 1970.00 264.000   557.30   
 2 10  57.84140 -22.55590  5.00  1585001 1985.00 230.000  1856.00  
 2 10  57.70580 -22.78220  5.00  2070010 1970.00 265.000   124.10
 3 11  59.88350 -39.45690  5.00  1170013 1970.00 194.000   912.00 w
 3 11  59.86720 -39.45660  5.00  8585001 1985.00 185.000  1358.00 w
 3 11  59.82170 -39.48640  5.00  1169010 1969.00 192.000   506.00 w
 3 11  59.70520 -39.65020  5.00  1166012 1966.00 232.000  1840.00 w
 3 11  59.67890 -39.68610  5.00  8585001 1985.00 186.000   633.00 w
 3 11  59.67740 -39.66530  5.00  8585001 1985.00 161.000    39.00 w
 3 11  59.50130 -39.88850  5.00  8585001 1985.00 160.000  1121.00 w
 3 11  59.38800 -40.02520  5.00  2073011 1973.00 283.000  2254.40 w
 3 11  59.32870 -40.10730  5.00  8585001 1985.00 205.000  1544.00 w
 3 11  59.15860 -40.29100  5.00  8585001 1985.00 206.000   524.00 w
 3 11  59.02070 -40.54410  5.00  2071002 1971.00 169.000  1051.00 w
 3 11  58.97770 -40.59060  5.00  8585001 1985.00 207.000  1724.00 w
 3 11  58.79100 -40.80750  5.00  8585001 1985.00 208.000   432.00 w
 3 11  58.75070 -40.83850  5.00  2071002 1971.00 169.000  1414.00 w
 3 11  58.72870 -40.92240  5.00  1173014 1973.00 195.000   124.00 w
 3 11  58.61830 -41.06420  5.00  8585001 1985.00 209.000  1846.00 w
 3 11  58.43640 -41.26120  5.00  8585001 1985.00 210.000   352.00 w
 3 11  58.33030 -41.43540  5.00  8585001 1985.00 180.000  2225.00 w
 3 11  58.26590 -41.52150  5.00  8585001 1985.00 211.000  1949.00 w
 3 11  58.26590 -41.50310  5.00  2071002 1971.00 171.000   441.00 w
 3 11  58.20610 -41.61310  5.00  1173013 1973.00 162.000   730.00 w
 3 11  58.07880 -41.70810  5.00  8585001 1985.00 212.000   228.00 w
 3 11  58.05160 -41.79680  5.00  1173014 1973.00 194.000  1620.00 w
 3 11  58.03160 -42.07810  5.00  2071002 1971.00 216.000  2212.00 w
 3 11  58.00910 -42.08740  5.00  2071002 1971.00 171.000  1832.00 w
 2 11  56.45470 -25.02830  5.00  2070009 1970.00 238.000  1042.50  
 2 11  56.40950 -25.13170  5.00  2070009 1970.00 238.000  1009.00
 2 11  57.45700 -23.21760  5.00  6067001 1967.00 33.0000   851.00  
 2 11  57.20160 -23.89670  5.00  6067001 1967.00 35.0000  1832.00 
31 12  57.89490 -42.38300  5.00  8585001 1985.00 214.000  1749.00 w
31 12  57.68070 -42.68220  5.00  1173014 1973.00 191.000  1518.00 w
31 12  57.65570 -42.68900  5.00  2071002 1971.00 173.000   325.00 w
31 12  57.59820 -42.81010  5.00  8585001 1985.00 224.000   624.00 w
31 12  57.54320 -42.96820  5.00    66099 1966.00 228.000  1027.00 w
31 12  57.51150 -43.26930  5.00  1166012 1966.00 231.000  1623.00 w
31 12  57.50310 -43.18810  5.00  8585001 1985.00 225.000   257.00 w
 1 12  56.26930 -44.35950  5.00  8579001 1979.00 31.0000  1027.00 w
 1 12  56.26010 -44.35870  5.00    66099 1966.00 237.000  1400.00 w
 1 12  56.19440 -44.38310  5.00  1166012 1966.00 231.000    35.00 w
 1 12  56.15750 -44.38670  5.00    66099 1966.00 238.000   310.00 w
 1 12  56.15290 -44.36930  5.00  1173014 1973.00 189.000   700.00 w
 1 12  56.07960 -44.39570  5.00    66099 1966.00 239.000   943.00 w
 1 12  56.00030 -44.41190  5.00  2071002 1971.00 178.000  1554.00 w
 1 12  55.99540 -44.36650  5.00    66099 1966.00 239.000  2236.00 w
 1 12  55.93330 -44.38760  5.00  1173014 1973.00 186.000   112.00 w
 1 12  55.92180 -44.37640  5.00  8579001 1979.00 33.0000  1001.00 w
 1 12  55.90840 -44.37360  5.00    66099 1966.00 241.000   534.00 w
 1 12  55.82650 -44.38170  5.00    66099 1966.00 241.000  1823.00 w
 1 12  55.72640 -44.41430  5.00  1173014 1973.00 188.000   730.00 w
 1 12  55.59250 -44.41860  5.00  1173014 1973.00 188.000   406.00 w
 1 12  55.26400 -44.33140  5.00  8579001 1979.00 37.0000  1033.00 w
 1 12  55.25180 -44.33940  5.00  2071002 1971.00 200.000   812.00 w
 1 12  55.09210 -44.33310  5.00  1173014 1973.00 186.000  2118.00 w
 1 12  54.89010 -44.32420  5.00  8579001 1979.00 39.0000  1129.00 w
 1 12  54.86350 -44.26370  5.00    84030 1984.00 219.000  2329.00 w
 1 12  54.85690 -44.24880  5.00  1173014 1973.00 186.000  1506.00 w
 2 12  54.32440 -26.93830  5.00  6072001 1972.00 342.000   218.00  
 2 12  54.32000 -26.92330  5.00  2172002 1972.00 129.000   221.00  
32 13  56.17890 -26.19890  5.00  1169008 1969.00 273.000  2236.00  
 2 12  54.88330 -26.78670  5.00  2173014 1973.00 221.000  1045.00  
 1 13  54.85280 -44.23760  5.00  2072001 1972.00 199.000   952.00 w
 1 13  54.53760 -44.17270  5.00  8579001 1979.00 41.0000  1131.00 w
 1 13  54.24490 -44.05820  5.00  2071002 1971.00 212.000   924.00 w
 1 13  54.14130 -44.04280  5.00  8579001 1979.00 43.0000  1132.00 w
32 13  54.12560 -27.35170  5.00  6067001 1967.00 29.0000  1949.00  
 2 13  53.73500 -27.06830  5.00  2174007 1974.00 283.000   906.00  
 2 13  53.53110 -27.07220  5.00  1170003 1970.00 289.000  2300.00
 1 14  53.92400 -44.32990  5.00  2071002 1971.00 215.000   216.00 w
 1 14  53.92400 -44.20510  5.00  8579004 1979.00 140.000  1147.00 w
 1 14  53.80780 -44.15340  5.00  8579001 1979.00 2.00000  1152.00 w
 1 14  53.77680 -44.22290  5.00  2071002 1971.00 215.000  1020.00 w
 1 14  53.50270 -44.08930  5.00  1169010 1969.00 183.000  2324.00 w
 1 14  53.42860 -44.07120  5.00  8579001 1979.00 4.00000  1147.00 w
 1 14  53.06650 -44.01770  5.00  8579001 1979.00 6.00000  1206.00 w
 1 14  52.95380 -44.01070  5.00   285001 1986.00 7813.00  1237.00 w
 1 14  52.70800 -43.90550  5.00  8579001 1979.00 8.00000  1222.00 w
 1 14  52.68640 -43.93510  5.00   285001 1986.00 7465.00  1906.00 w
 1 14  52.54020 -43.84080  5.00  4069004 1969.00 232.000   610.00 w
 1 14  52.51890 -43.85200  5.00  8579004 1979.00 279.000  1111.00 w
 1 14  52.45030 -43.76750  5.00  2075004 1975.00 286.000    37.10 w
 1 14  52.44420 -43.74140  5.00   285001 1986.00 7049.00   556.00 w  
 2 14  53.30170 -27.38000  5.00  2173015 1973.00 149.000   409.00  
 2 14  53.26210 -27.08270  5.00  6067001 1967.00 36.0000  1214.00  
 2 14  53.20580 -27.07700  5.00  1170003 1970.00 290.000   248.00  
 2 14  53.04130 -27.06480  5.00  2071007 1971.00 198.000  2105.00  
 2 14  53.00180 -27.06840  5.00  1283006 1983.00 217.000  2155.00  
 2 14  52.96000 -27.07830  5.00  2172006 1972.00 320.000  1215.00  
 2 14  52.84620 -27.11170  5.00  2071007 1971.00 199.000   110.00  
 1 15  52.38930 -39.36850  5.00   285001 1986.00 5382.00   741.00 w
 1 15  52.35100 -39.34010  5.00  8579001 1979.00 10.00000  2251.00 w
 1 15  52.34600 -39.42100  5.00  1169010 1969.00 182.000  2100.00 w
 1 15  52.24690 -39.12130  5.00  1170013 1970.00 189.000   345.00 w
 1 15  52.21670 -39.27670  5.00  2173015 1973.00 124.000  2247.00 w
 1 15  52.14280 -39.22380  5.00  8579004 1979.00 350.000  2043.00 w
 1 15  51.97220 -38.91840  5.00  8579001 1979.00 13.0000    11.00 w
 1 15  51.60690 -38.67930  5.00  8579001 1979.00 15.0000     1.00 w
 1 15  51.27210 -38.34770  5.00  8579001 1979.00 17.0000   104.00 w
 2 15  50.74830 -22.10670  5.00  2172006 1972.00 318.000  1711.00  
 2 15  50.72700 -22.16720  5.00  1178001 1978.00 292.000   630.00  
 2 15  50.46170 -22.04000  5.00  2174007 1974.00 276.000   701.00  
 1 16  48.97210 -35.67230  5.00  8579001 1979.00 30.0000   730.00 w
 2 16  47.50900 -19.91780  5.00  1184004 1984.00 207.000  1412.00
 2 16  47.37250 -19.84170  5.00  3072901 1972.00 146.000  1430.00  
 2 16  47.26170 -19.71170  5.00  2172005 1972.00 238.000  1858.00  
 2 16  47.21000 -19.67670  5.00  2173014 1973.00 228.000  2119.00  
 2 16  47.16430 -19.67960  5.00  1170003 1970.00 292.000  1254.00  
32 16  49.42830 -20.80500  5.00  2172005 1972.00 240.000   159.00  
32 16  49.41000 -20.79670  5.00  2172005 1972.00 209.000  2150.00  
32 16  48.84670 -20.36170  5.00  2174004 1974.00 194.000  2015.00  
32 16  48.17470 -20.33030  5.00  1166007 1966.00 294.000   930.00  
 1 17  47.97330 -35.04330  5.00  2174008 1974.00 345.000  1303.00 w
 1 17  47.50390 -35.08280  5.00  1366004 1966.00 198.000  2003.00 w 
 2 17  46.68000 -19.63330  5.00  2173015 1973.00 154.000  2324.00
 2 17  46.19100 -19.91700  5.00  1367007 1967.00 146.000  1922.00  
 2 17  46.16800 -19.77300  5.00  5065009 1965.00 224.000  2245.00  
31 18  46.05200 -34.85300  5.00  5065009 1965.00 228.000   700.00 w
31 18  45.70250 -34.96520  5.00  3173901 1973.00 159.000  1720.00 w
31 18  45.52770 -35.00400  5.00  1184004 1984.00 213.000   111.38 w
32 18  45.96760 -20.01290  5.00  1274004 1974.00 206.000  2300.00  
32 18  45.92900 -19.99050  5.00  3173002 1973.00 186.000  2206.00  
32 18  45.91170 -20.01830  5.00  3175001 1975.00 188.000  1834.00  
32 18  45.83780 -20.01360  5.00  1170003 1970.00 294.000  1436.00  
32 18  45.78170 -20.05500  5.00  2172005 1972.00 197.000  1055.00  
32 18  45.73670 -20.03000  5.00  2172006 1972.00 323.000  1212.00  
32 18  45.48310 -20.11080  5.00  3170901 1970.00 114.000  1831.00  
32 18  45.35900 -20.14340  5.00  5082901 1982.00 138.000   450.00  
32 18  45.30920 -20.12000  5.00  5184007 1984.00 134.000   156.00  
32 18  45.28330 -20.12670  5.00  2174004 1974.00 193.000  2010.00  
32 18  45.03150 -20.19180  5.00  4189002 1989.00 104.0000  2033.00  
 1 18  57.83750 -53.87070  5.00  5577002 1977.00 237.000  1947.00 w
 1 18  57.77100 -53.77510  5.00    74023 1974.00 196.000   814.00 w
 1 18  56.79170 -52.21540  5.00    66099 1966.00 196.000   144.00 w
 1 18  56.75410 -52.10650  5.00    66099 1966.00 206.000    18.00 w
 3 18  58.26030 -51.30330  5.00    67099 1967.00 238.000  1412.00  
 3 18  58.23970 -51.27190  5.00    66099 1966.00 198.000    23.00  
 3 18  58.21090 -51.33990  5.00    84030 1984.00 229.000  2159.00  
 3 18  58.04790 -51.26150  5.00    74023 1974.00 194.000  1321.00 
 1 19  56.71390 -51.39750  5.00    74023 1974.00 187.000  2033.00 w
 1 19  56.68540 -51.69320  5.00    66099 1966.00 194.000   931.00 w
 1 19  56.82100 -49.45000  5.00      0.8 eel02    w     0.00
 3 19  57.94940 -49.12920  5.00    74023 1974.00 191.000   203.00  
 3 19  57.94210 -49.18800  5.00    84030 1984.00 227.000   807.00  
 3 19  57.92680 -49.00520  5.00  8585001 1985.00 222.000   406.00  
 3 19  57.90040 -48.89740  5.00  5577002 1977.00 209.000  1948.00  
 3 19  57.89360 -48.64510  5.00  8585001 1985.00 233.000  2157.00  
 3 19  57.85560 -48.44870  5.00    84030 1984.00 222.000  1614.00  
 3 19  57.84470 -48.24310  5.00  8585001 1985.00 235.000   317.00  
 3 19  57.84430 -48.32620  5.00    84030 1984.00 222.000  1811.00
 1 20  56.57990 -49.18060  5.00    74023 1974.00 176.000    45.00 w
 1 20  56.43390 -48.72420  5.00    66099 1966.00 194.000  1958.00 w
 1 20  56.38860 -48.58860  5.00    74023 1974.00 175.000  1728.00 w  
 3 20  57.74770 -47.92760  5.00  8585001 1985.00 237.000   744.00  
 3 20  57.71680 -47.80350  5.00  8585001 1985.00 231.000   623.00  
 3 20  57.66040 -47.63820  5.00    66099 1966.00 189.000   141.00 
 3 20  57.53210 -47.19620  5.00  8585001 1985.00 236.000  1944.00  
 3 20  57.50000 -47.56990  5.00    66099 1966.00 189.000  1527.00  
 3 20  57.47900 -47.52700  5.00  8585001 1985.00 237.000   330.00
 1 21  56.23300 -48.11000  5.00      0.9 ggl12    w     0.00  
 1 21  56.19200 -46.76200  5.00      0.2 v2801    w     0.00  
 3 21  57.57650 -45.02820  5.00    66099 1966.00 243.000  1351.00  
 3 21  57.56630 -45.02740  5.00  8585001 1985.00 241.000   738.00  
 3 21  57.51490 -45.34510  5.00  8585001 1985.00 240.000   259.00  
 3 21  57.50000 -45.43870  5.00    66099 1966.00 189.000   814.00 w
 3 21  57.44920 -45.76610  5.00  8585001 1985.00 239.000  1942.00  
 3 21  57.44280 -46.08840  5.00  8585001 1985.00 239.000   244.00  
 3 21  57.42030 -46.45310  5.00  8585001 1985.00 238.000  1157.00  
 3 21  57.41720 -46.80970  5.00  8585001 1985.00 237.000  1444.00  

  
