 1  1  54.90940 -47.37400  5.00  1173013 1973.00 167.000  1830.00 w
 1  1  54.90570 -47.38930  5.00  8579001 1979.00 39.0000   455.00 w
 1  1  54.86930 -47.35380  5.00    74026 1974.00 298.000  1419.00 w
 1  1  54.71180 -47.21060  5.00    74026 1974.00 298.000  2202.00 w
 1  1  54.69900 -47.18980  5.00  8579004 1979.00 1.00000  2338.00 w
 1  1  54.65060 -47.03260  5.00  1173014 1973.00 184.000   340.00 w
 1  1  54.62320 -47.01490  5.00    74026 1974.00 299.000  1505.00 w
 1  1  54.57090 -46.91120  5.00  2071002 1971.00 202.000    33.00 w
 1  1  54.52750 -46.90790  5.00  8579001 1979.00 41.0000   537.00 w
 1  1  54.49160 -46.86990  5.00    74026 1974.00 300.000   254.00 w
31  1  54.37770 -47.12200  5.00    74026 1974.00 300.000   116.00 w out helres
 1  1  54.32350 -46.72630  5.00    74026 1974.00 300.000  1943.00 w
 1  1  54.25990 -46.70210  5.00  2071002 1971.00 201.000  1420.00 w
 1  1  54.13980 -46.58050  5.00  8579001 1979.00 43.0000   559.00 w
 1  1  54.12090 -46.65140  5.00    84030 1984.00 218.000  1604.00 w
31  1  54.03870 -46.80650  5.00  1169010 1969.00 184.000  1548.00 w
 1  1  54.03230 -46.58220  5.00  1270004 1970.00 184.000  1930.00 w  
 1  1  53.98040 -46.49970  5.00  2071002 1971.00 200.000  1957.00 w
 1  1  53.97940 -46.51300  5.00  1173014 1973.00 180.000   118.00 w 
 1  1  53.78600 -46.32290  5.00  8579001 1979.00 2.00000   705.00 w
 1  1  53.70070 -46.13890  5.00  2071002 1971.00 212.000    25.00 w
 1  1  53.59820 -46.24780  5.00  1173013 1973.00 168.000  1348.00 w
 2  1  53.98860 -25.24810  5.00  6067001 1967.00 29.0000  1732.00
 2  1  53.88830 -25.34330  5.00  2172002 1972.00 129.000   732.00  
 2  1  53.88000 -25.31670  5.00  6072001 1972.00 342.000   737.00
 1  2  53.41960 -46.46540  5.00  8579001 1979.00 4.00000   628.00 w
 1  2  53.06540 -46.31150  5.00  8579001 1979.00 6.00000   659.00 w
 1  2  53.00300 -46.26150  5.00  1173014 1973.00 178.000  1640.00 w
 1  2  52.96360 -46.16870  5.00  2072001 1972.00 198.000   104.10 w
 1  2  52.69180 -45.78920  5.00  2072001 1972.00 198.000   806.00 w
 1  2  52.68390 -45.76200  5.00  8579001 1979.00 8.00000   810.00 w
31  2  52.50330 -45.64290  5.00   285001 1986.00 7812.00  1409.00 w
31  2  52.32420 -45.50620  5.00  8579001 1979.00 10.00000   852.00 w
31  2  52.27030 -45.40800  5.00   285001 1986.00 7535.00  1156.00 w
31  2  52.15690 -45.29540  5.00    75018 1975.00 231.000  1151.00 w
 2  2  53.46170 -25.28500  5.00  2174007 1974.00 283.000  2008.00  
 2  2  53.04220 -25.20790  5.00  1283006 1983.00 217.000  1355.00 
 2  2  52.98190 -25.22950  5.00  2071007 1971.00 198.000  1335.00  
 2  2  52.93500 -25.22330  5.00  2172006 1972.00 320.000   532.00 
 1  3  52.58180 -42.52310  5.00  1178006 1978.00 209.000  2136.00 w
 1  3  52.34030 -42.17160  5.00  8579001 1979.00 10.00000  1626.00 w
 1  3  52.28500 -42.15440  5.00   285001 1986.00 6355.00   255.00 w
 1  3  52.17250 -41.90820  5.00  8579004 1979.00 349.000  1357.00 w
 1  3  52.09190 -41.76900  5.00   285001 1986.00 5868.00  1224.00 w
 1  3  51.95820 -41.47320  5.00  8579001 1979.00 12.0000  1819.00 w
 1  3  51.88820 -41.42680  5.00   285001 1986.00 5452.00   505.00 w
 1  3  51.70300 -41.00970  5.00   285001 1986.00 5244.00   154.00 w
 1  3  51.66250 -41.01470  5.00  1170013 1970.00 188.000  1948.00 w
 1  3  51.61220 -40.86100  5.00  8579001 1979.00 14.0000  1859.00 w
 1  3  51.29540 -40.32600  5.00   285001 1986.00 4618.00  1241.00 w
 1  3  51.23970 -40.06050  5.00  8579001 1979.00 16.0000  2103.00 w
 1  3  51.13500 -39.98330  5.00  2173015 1973.00 124.000  1742.00 w
 1  3  51.10590 -39.91700  5.00   285001 1986.00 4062.00  1409.00 w
 1  3  50.88960 -39.63430  5.00   285001 1986.00 3923.00  2313.00 w
 1  3  50.86690 -39.61000  5.00  8579001 1979.00 18.0000  2148.00 w
 1  3  50.73560 -39.22400  5.00  1283006 1983.00 226.000  1705.00 w
 1  3  50.71340 -39.16640  5.00   285001 1986.00 3576.00  2325.00 w
 1  3  50.51450 -38.80280  5.00   285001 1986.00 2951.00  2039.00 w
 1  3  50.48900 -38.71620  5.00  8579001 1979.00 20.0000  2241.00 w
 1  3  50.28440 -38.57970  5.00   285001 1986.00 2535.00   518.00 w
 1  3  50.13840 -38.22250  5.00  1377007 1977.00 208.000  2122.00 w
 1  3  50.13180 -38.22270  5.00  8579001 1979.00 25.0000    38.00 w
 1  3  50.09400 -38.19120  5.00   285001 1986.00 2466.00   354.00 w
32  3  52.05020 -21.28980  5.00  1366004 1966.00 200.000  2134.00  
32  3  51.89800 -21.14950  5.00  1283006 1983.00 208.000  2250.00  
 2  3  51.42160 -20.99650  5.00  1178001 1978.00 291.000  2336.00  
32  3  51.25790 -20.64650  5.00  1170003 1970.00 288.000   224.00  out reshel
 2  3  50.98830 -20.36500  5.00  2173013 1973.00 234.000   647.00  
 2  3  50.81470 -20.27330  5.00  5081901 1981.00 283.000  1635.00  
 2  3  50.60500 -20.16500  5.00  2174008 1974.00 343.000   830.00  
 2  3  50.57080 -20.15110  5.00  5081901 1981.00 226.000   409.00  
 2  3  50.19670 -19.74330  5.00  2173014 1973.00 254.000  2218.00  
32  3  49.82830 -19.48170  5.00  2175003 1975.00 101.0000  2141.00  out reshel
 2  3  49.76330 -19.33170  5.00  2173014 1973.00 227.000  1234.00  
 2  3  49.67170 -19.21500  5.00  2172005 1972.00 210.000   345.00 
31  4  49.86490 -37.90460  5.00   285001 1986.00 2188.00   341.00 w 
31  4  49.73350 -37.76250  5.00  8579001 1979.00 27.0000   140.00 w
 1  4  49.37190 -37.75300  5.00  8579001 1979.00 29.0000   113.00 w
 1  4  49.34090 -37.75560  5.00   285001 1986.00 1007.00   141.00 w
 1  4  49.20430 -37.68010  5.00  1169010 1969.00 181.000   448.00 w
 1  4  49.08230 -37.59650  5.00   285001 1986.00 938.000   559.00 w
 1  4  48.97370 -37.65380  5.00  8579001 1979.00 30.0000   240.00 w
 1  4  48.86010 -37.39040  5.00   285001 1986.00 173.000  2325.00 w
 1  4  48.76680 -37.29510  5.00  1987001 1987.00 218.000  1617.90 w
 1  4  48.58860 -37.30200  5.00   285001 1986.00 105.0000   408.00 w
 1  4  48.49640 -37.20970  5.00  1987001 1987.00 218.000  1649.98 w
 2  4  47.91890 -18.24130  5.00  3173901 1973.00 162.000   455.00
 2  4  47.52250 -18.10740  5.00  3072901 1972.00 145.000  2115.00
 2  4  47.36670 -18.13000  5.00  2173015 1973.00 155.000  1058.00  
 2  4  47.35440 -18.10380  5.00  1184004 1984.00 207.000   739.00
 1  5  48.18380 -37.07820  5.00  1987001 1987.00 218.000  1936.02 w
 1  5  47.95350 -36.98000  5.00  1987001 1987.00 218.000  1948.20 w  
 1  5  47.61970 -36.95870  5.00  1987001 1987.00 219.000  1548.66 w 
 1  5  47.48330 -36.86330  5.00  2174008 1974.00 345.000  2012.00 w
 1  5  47.36900 -36.85090  5.00  1987001 1987.00 219.000  1621.14 w
 1  5  47.01880 -36.87580  5.00  1366004 1966.00 198.000  1323.00 w
 1  5  46.97210 -36.80150  5.00  1987001 1987.00 219.000  1913.21 w
 1  5  46.12080 -36.81470  5.00  1987001 1987.00 222.000  1655.78 w
 1  5  46.08100 -36.86200  5.00  5065009 1965.00 228.000  1515.00 w
 1  5  45.85260 -36.78460  5.00  1987001 1987.00 222.000  1958.45 w
 1  5  45.55550 -36.70060  5.00  1987001 1987.00 222.000  2023.37 w
 2  5  47.28830 -17.94170  5.00  2172005 1972.00 238.000   929.00  
 2  5  47.28570 -17.95780  5.00  3175001 1975.00 187.000  1630.00  
 2  5  47.21330 -17.89500  5.00  2173014 1973.00 229.000   813.00  
 2  5  47.07900 -17.90600  5.00  1274004 1974.00 207.000   955.00 
 2  5  46.84900 -17.89000  5.00  1367007 1967.00 147.000   330.00  
 2  5  46.44700 -17.91290  5.00  1166007 1966.00 295.000   404.00 
 2  5  46.15400 -18.05000  5.00  5065009 1965.00 224.000   100.00  
 2  5  46.13500 -18.02400  5.00  1368001 1968.00 141.000  1840.00
 2  5  45.98760 -18.06540  5.00  1170003 1970.00 294.000   336.00  
 2  5  45.98410 -18.04550  5.00  1170003 1970.00 293.000   354.00 
 2  5  45.85930 -18.14440  5.00  5184007 1984.00 134.000   643.00
 2  5  45.97910 -18.05940  5.00  3178905 1978.00 182.000   612.00
 2  5  45.80000 -18.18170  5.00  2172005 1972.00 197.000   505.00
31  6  46.66550 -36.70520  5.00  1987001 1987.00 219.000  1932.48 w
31  6  46.48370 -36.69140  5.00  1987001 1987.00 222.000  1632.47 w
32  6  45.66380 -17.71870  5.00  1170003 1970.00 293.000   618.00  
 1  6  52.32800 -45.51100  5.00  
 1  6  52.35400 -45.23400  5.00   
 1  6  52.36700 -44.89400  5.00 
 1  6  52.73500 -43.20000  5.00 
 1  6  52.75200 -42.74300  5.00
 2  6  52.51000 -25.27700  5.00   
 2  6  52.48400 -24.91500  5.00   
 2  6  52.49700 -24.55300  5.00   
 2  6  52.39300 -22.21300  5.00   
 2  6  52.38000 -21.89400  5.00   
 
     
