 1  1  54.14850 -49.32700  5.00    75018 1975.00 223.000  1523.00 w
 1  1  53.98380 -49.30160  5.00    75018 1975.00 195.000    44.00 w
 1  1  53.81990 -49.11300  5.00    75018 1975.00 192.000  1454.00 w
 1  1  53.77100 -49.06670  5.00  8579001 1979.00 2.00000   103.00 w
 1  1  53.65290 -48.96980  5.00    75018 1975.00 195.000  1148.00 w
 1  1  53.58300 -48.89870  5.00  1173014 1973.00 180.000  1606.00 w
 1  1  53.48040 -48.75970  5.00    75018 1975.00 192.000   250.00 w
 1  1  53.43220 -48.76590  5.00  8579001 1979.00 4.00000   122.00 w   
 1  1  53.31890 -48.65290  5.00    75018 1975.00 198.000    11.00 w
 1  1  53.30180 -48.63400  5.00    65024 1965.00 266.000   504.00 w
 1  1  53.29160 -48.84710  5.00    74026 1974.00 302.000   310.00 w
 1  1  53.20710 -48.55070  5.00    79013 1979.00 173.000    38.00 w
 1  1  53.15150 -48.60880  5.00    75018 1975.00 224.000   902.00 w
 1  1  53.06300 -48.48480  5.00  8579001 1979.00 6.00000   207.00 w
 1  1  52.98090 -48.41730  5.00    75018 1975.00 197.000  1801.00 w
 1  1  52.81730 -48.32970  5.00    75018 1975.00 227.000  1536.00 w
 1  1  52.81130 -48.34230  5.00    84030 1984.00 213.000  1512.00 w
 1  1  52.68240 -48.18960  5.00  8579001 1979.00 8.00000   242.00 w
 1  1  52.64870 -48.17790  5.00    75018 1975.00 200.000   300.00 w
 1  1  52.60000 -48.11990  5.00  1173014 1973.00 178.000   606.00 w
 1  1  52.58000 -48.06430  5.00  1173013 1973.00 169.000   400.00 w
 1  1  52.40410 -47.93140  5.00    75018 1975.00 200.000   538.00 w
 1  1  52.31020 -47.64860  5.00  8579001 1979.00 10.00000   400.00 w
 1  1  52.16600 -47.53700  5.00  4169002 1969.00 242.000   100.00 w
 1  1  52.15920 -47.43160  5.00  4169002 1969.00 241.000  2040.00 w
 2  1  53.33220 -23.06220  5.00  6072001 1972.00 342.000  1447.00  
 2  1  53.32830 -23.04170  5.00  2172002 1972.00 129.000  1451.00
 2  1  53.12090 -23.04080  5.00  1283006 1983.00 217.000   505.00  
 2  1  53.09830 -23.04000  5.00  2174007 1974.00 284.000   234.00  
32  1  52.48520 -23.13340  5.00  1170003 1970.00 289.000    42.00  
31  1  52.14810 -47.40740  5.00    75018 1975.00 231.000   347.00 w on fz
31  1  52.10310 -47.34070  5.00  4069004 1969.00 234.000  1814.00 w
31  1  51.99820 -47.31060  5.00   285001 1986.00 7743.00   301.00 w
 1  2  52.08670 -43.97120  5.00   285001 1986.00 6632.00  2156.00 w
 1  2  52.01620 -43.80820  5.00  1178006 1978.00 209.000  1620.00 w
 1  2  51.95040 -43.63830  5.00  8579001 1979.00 12.0000  1322.00 w
 1  2  51.90470 -43.56310  5.00   285001 1986.00 6354.00   632.00 w
 1  2  51.11300 -42.15830  5.00   285001 1986.00 4827.00   423.00 w  
 1  2  51.71630 -43.18730  5.00   285001 1986.00 5938.00   315.00 w
 1  2  51.56380 -42.82350  5.00  8579001 1979.00 14.0000  1426.00 w
 1  2  51.53020 -42.78880  5.00   285001 1986.00 5521.00  1547.00 w
 1  2  51.32640 -42.46030  5.00   285001 1986.00 5243.00   344.00 w
 1  2  51.22730 -42.32710  5.00  1170013 1970.00 188.000  1348.00 w
 1  2  51.20910 -42.28380  5.00  8579001 1979.00 16.0000  1552.00 w
 1  2  50.90150 -41.80010  5.00   285001 1986.00 4548.00  2333.00 w
 1  2  50.85180 -41.78920  5.00  8579001 1979.00 18.0000  1642.00 w
 1  2  50.66720 -41.64150  5.00   285001 1986.00 4132.00   605.00 w
 1  2  50.48600 -41.36940  5.00  8579001 1979.00 20.0000  1624.00 w
 1  2  50.44390 -41.36130  5.00   285001 1986.00 3854.00   713.00 w
 1  2  50.24560 -41.08470  5.00  1283006 1983.00 227.000   235.00 w
 1  2  50.22390 -41.11720  5.00   285001 1986.00 3507.00   226.00 w
 1  2  50.14010 -41.01180  5.00  8579001 1979.00 24.0000  1759.00 w
 1  2  50.02700 -40.76010  5.00   285001 1986.00 3021.00  1555.00 w
 1  2  50.02000 -40.71670  5.00  2173015 1973.00 124.000  1230.00 w
 1  2  49.81110 -40.48340  5.00   285001 1986.00 2673.00  1622.00 w
 1  2  49.71930 -40.34070  5.00  8579001 1979.00 26.0000  1928.00 w
 1  2  49.60120 -40.15940  5.00   285001 1986.00 2396.00  1150.00 w
 1  2  49.38450 -39.93950  5.00  8579001 1979.00 28.0000  1956.00 w
 1  2  49.37150 -39.94260  5.00   285001 1986.00 2118.00   739.00 w
32  1  52.24440 -19.45900  5.00  1172003 1972.00 209.000  2012.00
32  2  51.73330 -19.23670  5.00  2173013 1973.00 234.000  1940.00
 2  2  51.12670 -18.47000  5.00  2174004 1974.00 195.000  1220.00
 2  2  50.79170 -18.06170  5.00  2174008 1974.00 343.000    44.00  
 2  2  50.66830 -18.04500  5.00  2173014 1973.00 227.000   144.00  
 2  2  50.62250 -17.74510  5.00  3170901 1970.00 113.000   936.00  
 2  2  50.58350 -17.95910  5.00  5081901 1981.00 283.000  2339.00  
 2  2  50.57670 -17.76830  5.00  2175003 1975.00 102.0000   437.00  
 2  2  50.55170 -17.90500  5.00  2173016 1973.00 206.000  1030.00  
 2  2  50.00170 -17.61000  5.00  2173014 1973.00 255.000   519.00  
 2  2  49.99500 -17.46670  5.00  2172005 1972.00 210.000  1045.00  
 2  2  49.89680 -17.41190  5.00  4073003 1973.00 194.000  2208.00  
 2  2  49.61330 -17.28500  5.00  2173016 1973.00 204.000  1333.00 
 2  2  49.00900 -16.70780  5.00  3173002 1973.00 185.000  2024.00
 2  2  48.67500 -16.38500  5.00  2173015 1973.00 184.000  1414.00 
 1  3  49.10440 -39.85940  5.00   285001 1986.00 1632.00   619.00 w
 1  3  48.98520 -39.90100  5.00  1377007 1977.00 209.000   825.00 w
 1  3  48.81390 -39.85250  5.00   285001 1986.00 1146.00    19.00 w
 1  3  48.57170 -39.67370  5.00   285001 1986.00 868.000  1433.00 w
 1  3  48.32570 -39.53410  5.00   285001 1986.00 244.000   112.00 w
 1  3  48.12500 -39.44510  5.00  1987001 1987.00 218.000  1556.58 w
 1  3  48.09000 -39.32720  5.00   285001 1986.00 35.0000   837.00 w
 2  3  48.29500 -16.45670  5.00  2173014 1973.00 229.000  2059.00  
 2  3  48.16000 -16.47330  5.00  2173015 1973.00 143.000   509.00  
 2  3  48.02370 -16.43030  5.00  1366004 1966.00 208.000   725.00  
 2  3  47.92360 -16.47280  5.00  3173901 1973.00 162.000  1130.00  
 2  3  47.87060 -16.40580  5.00  3072901 1972.00 145.000   300.00  
 2  3  47.75950 -16.44000  5.00  3175001 1975.00 187.000   612.00  
 2  3  47.75330 -16.46330  5.00  1274004 1974.00 207.000  1650.00  
 2  3  47.40700 -16.33400  5.00  1367007 1967.00 147.000  1000.00  
 1  4  47.95800 -39.14930  5.00  1987001 1987.00 218.000  1711.00 w
 1  4  47.69650 -39.01670  5.00  1987001 1987.00 218.000  1916.47 w
 1  4  47.52890 -38.77500  5.00  1987001 1987.00 218.000  2007.72 w
 2  4  47.33000 -16.25330  5.00  2173015 1973.00 185.000   119.00  
 2  4  47.29830 -16.26500  5.00  2172005 1972.00 238.000   357.00  
 2  4  47.16800 -16.28900  5.00  1184004 1984.00 207.000   109.19  
 2  4  46.89330 -16.13170  5.00  2173015 1973.00 156.000  1707.00
 1  5  47.22250 -38.73170  5.00  1987001 1987.00 219.000  1531.54 w
 1  5  47.10060 -38.58780  5.00  1169010 1969.00 180.000  1442.00 w
 1  5  46.99280 -38.60240  5.00  1987001 1987.00 219.000  1640.71 w
 1  5  46.93830 -38.60170  5.00  2174008 1974.00 346.000   314.00 w
 1  5  46.72600 -38.63930  5.00  1987001 1987.00 219.000  1855.58 w 
 2  5  46.80800 -16.05330  5.00  3178905 1978.00 183.000   724.00  
 2  5  46.67670 -15.98500  5.00  3171901 1971.00 283.000     9.00  
 2  5  46.61380 -15.99320  5.00  5082901 1982.00 137.000  1040.00  
 2  5  46.46870 -15.97840  5.00  5184007 1984.00 134.000  1149.00  
 2  5  46.27440 -15.96920  5.00  5084901 1984.00 108.000   722.00  
 2  5  46.14900 -15.96400  5.00  5065009 1965.00 223.000  1640.00  
 2  5  46.14450 -15.99060  5.00  5184008 1984.00 263.000   221.00  
 2  5  46.13440 -15.98060  5.00  4183002 1983.00 299.000   924.00
 1  6  46.53840 -38.49600  5.00  1366004 1966.00 198.000   718.00 w
 1  6  46.40030 -38.45320  5.00  1987001 1987.00 219.000  1950.31 w
 1  6  46.19290 -38.47190  5.00  1987001 1987.00 222.000  1612.66 w
 1  6  46.10400 -38.38400  5.00  5065009 1965.00 228.000  2130.00 w
31  5  45.91960 -38.46370  5.00  1987001 1987.00 222.000  1711.19 w
31  5  45.69560 -38.54800  5.00  1987001 1987.00 222.000  1939.37 w
31  5  45.41700 -38.66450  5.00  1987001 1987.00 222.000  2043.13 w
31  5  45.18890 -38.80100  5.00  1987001 1987.00 229.000  1507.53 w
31  5  45.09250 -38.79510  5.00  1987001 1987.00 223.000  1513.88 w
 2  6  45.83000 -16.07280  5.00  5168001 1968.00 129.000   723.00  
 2  6  45.78830 -16.01500  5.00  2172005 1972.00 196.000  1730.00  
 2  6  45.68100 -16.05570  5.00  5177004 1977.00 281.000  2210.00  
 2  6  45.61700 -16.09550  5.00  4183002 1983.00 300.000  2005.00  
 2  6  45.47730 -16.15380  5.00  3175001 1975.00 235.000  1108.00  
 1  7  51.94200 -47.34200  5.00
 1  7  51.92500 -46.95900  5.00
31  7  52.08400 -44.49300  5.00
31  7  52.08400 -44.16400  5.00
31  7  51.89500 -48.54300  5.00
31  7  51.91200 -48.17100  5.00
 1  7  52.31000 -45.00000  5.00
 1  7  52.35000 -44.45000  5.00
 2  7  52.22500 -23.12300  5.00
 2  7  52.22500 -22.71200  5.00
 2  7  52.22500 -20.00000  5.00
 2  7  52.20700 -19.56200  5.00

