 1  1  53.98500 -50.55690  5.00    75018 1975.00 194.000  2008.00 w
 1  1  53.73690 -50.28000  5.00    75018 1975.00 205.000  1514.00 w
 1  1  53.66510 -50.16240  5.00    74023 1974.00 178.000  2243.00 w
 1  1  53.65270 -50.30000  5.00    75018 1975.00 195.000  1657.00 w
 1  1  53.48710 -50.34110  5.00    75018 1975.00 191.000  2146.00 w
 1  1  53.31420 -50.19210  5.00    75018 1975.00 198.000   514.00 w
 1  1  53.27200 -49.88370  5.00  1173014 1973.00 180.000  2130.00 w
 1  1  53.15220 -49.78870  5.00    75018 1975.00 224.000  1547.00 w
 1  1  52.98560 -49.97060  5.00    75018 1975.00 197.000  1246.00 w
 1  1  52.81630 -49.67450  5.00    75018 1975.00 227.000   941.00 w
 1  1  52.67650 -49.48480  5.00    75018 1975.00 205.000   540.00 w
 1  1  52.67080 -49.64000  5.00    84030 1984.00 213.000   608.00 w
 1  1  52.65340 -49.59280  5.00    75018 1975.00 199.000  2218.00 w
 1  1  52.48190 -49.29700  5.00    75018 1975.00 228.000   218.00 w
 1  1  52.43700 -49.28190  5.00    65024 1965.00 266.000   907.00 w
 1  1  52.31860 -49.14380  5.00    75018 1975.00 200.000  1205.00 w
 1  1  52.30170 -49.14000  5.00    76019 1976.00 188.000   134.00 w
 1  1  52.29120 -49.12650  5.00    79013 1979.00 172.000  2004.00 w
 1  1  52.17880 -48.89500  5.00  1173014 1973.00 177.000  2000.00 w
 1  1  52.15290 -48.94300  5.00    75018 1975.00 230.000  2232.00 w
 1  1  51.98070 -48.57070  5.00    75018 1975.00 202.000  1405.00 w
 1  1  51.91560 -48.64000  5.00  1173013 1973.00 169.000   848.00 w
31  1  51.89190 -48.32560  5.00    76019 1976.00 188.000   923.00 w
 2  1  53.13810 -22.04080  5.00  1283006 1983.00 217.000    55.00  
 2  1  53.12000 -22.02000  5.00  2172002 1972.00 129.000  1811.00  
 2  1  53.11650 -22.00920  5.00  6072001 1972.00 342.000  1813.00  
 2  1  53.07410 -22.02450  5.00  2070008 1970.00 180.000   902.70  
 2  1  52.85170 -21.83000  5.00  2174007 1974.00 284.000   609.00  
 2  1  52.75360 -21.76440  5.00  2070008 1970.00 180.000  2202.10  
 2  1  52.71840 -21.75970  5.00  1166007 1966.00 292.000   710.00  
 2  1  52.65610 -21.66220  5.00  1172003 1972.00 209.000  1024.00  
 2  1  52.41420 -21.45970  5.00  3177002 1977.00 171.000   712.00  
 1  2  51.80330 -44.97360  5.00   285001 1986.00 6632.00   418.00 w
 1  2  51.74390 -44.86730  5.00  1166012 1966.00 229.000  1510.00 w
 1  2  51.66090 -44.61410  5.00  1178006 1978.00 209.000  1306.00 w
 1  2  51.63400 -44.52860  5.00   285001 1986.00 6285.00   443.00 w
 1  2  51.58470 -44.45870  5.00  8579001 1979.00 14.0000  1039.00 w
 1  2  51.55480 -44.53120  5.00  1166012 1966.00 229.000  1250.00 w
 1  2  51.45310 -44.13370  5.00   285001 1986.00 6007.00   903.00 w
 2  2  51.99250 -18.20140  5.00  3166901 1966.00 253.000    40.00  
 2  2  51.91530 -18.02810  5.00  3170901 1970.00 174.000  2005.00
 2  2  51.65710 -17.93790  5.00  1172003 1972.00 210.000   618.00  
 2  2  51.63330 -17.90670  5.00  2174004 1974.00 195.000  1635.00  
 2  2  51.61830 -17.91830  5.00  2172006 1972.00 312.000  1823.00  
 2  2  51.56730 -17.61300  5.00  1270004 1970.00 207.000  2045.00  
 2  2  51.56270 -17.77150  5.00  4073003 1973.00 193.000  1925.00  
 2  2  51.45660 -17.63770  5.00  3166901 1966.00 250.000  1325.00  
 2  2  51.35040 -17.44990  5.00  3170901 1970.00 113.000   510.00  
32  2  51.34770 -21.87710  5.00  1170003 1970.00 288.000  1306.00  misinterpretation
 1  3  51.24550 -43.81730  5.00   285001 1986.00 5590.00  2108.00 w
 1  3  51.22250 -43.81180  5.00  8579001 1979.00 16.0000  1218.00 w 
 1  3  51.02900 -43.53460  5.00   285001 1986.00 5173.00  2345.00 w
 1  3  50.87310 -43.37190  5.00  8579001 1979.00 18.0000  1258.00 w
 1  3  50.87110 -43.33930  5.00  1170013 1970.00 188.000   900.00 w 
 1  3  50.80500 -43.29140  5.00   285001 1986.00 4896.00  1008.00 w
 1  3  50.57910 -43.06090  5.00   285001 1986.00 4479.00  1445.00 w
 1  3  50.46360 -42.96440  5.00  8579001 1979.00 20.0000  1238.00 w
 1  3  50.34080 -42.84560  5.00   285001 1986.00 4201.00  1410.00 w
 2  3  51.15000 -17.27000  5.00  2173014 1973.00 226.000  2100.00
 2  3  51.00000 -16.82760  5.00  3166901 1966.00 250.000   420.00  
 2  3  50.93670 -16.96500  5.00  2175003 1975.00 102.0000   758.00 
 2  3  50.85500 -16.90170  5.00  2174008 1974.00 342.000  2028.00 
 2  3  50.72830 -16.81670  5.00  2172006 1972.00 312.000   534.00 
 2  3  50.67830 -16.82670  5.00  2172005 1972.00 243.000  2236.00  
 2  3  50.62500 -16.60500  5.00  2173016 1973.00 206.000  1418.00  
 2  3  50.39310 -16.52260  5.00  5081901 1981.00 225.000  1747.00  
 2  3  50.32580 -16.59110  5.00  3069901 1969.00 127.000   610.00  
 1  4  50.21590 -42.57280  5.00  8579004 1980.00 124.000   709.00 w
 1  4  50.14220 -42.50300  5.00   285001 1986.00 3785.00    50.00 w
 1  4  50.11790 -42.44840  5.00  8579001 1979.00 24.0000  1433.00 w
 1  4  50.01350 -42.25500  5.00  1283006 1983.00 227.000   900.00 w
 1  4  49.93220 -42.23370  5.00   285001 1986.00 3437.00  1914.00 w
 1  4  49.72850 -42.00180  5.00  8579001 1979.00 26.0000  1527.00 w 
 1  4  49.70600 -41.95590  5.00   285001 1986.00 3090.00  2242.00 w 
 1  4  49.47570 -41.72450  5.00   285001 1986.00 2743.00   440.00 w
 1  4  49.37550 -41.51760  5.00  8579001 1979.00 28.0000  1607.00 w 
 1  4  49.26780 -41.43860  5.00   285001 1986.00 2327.00   558.00 w
 1  4  49.16830 -41.36170  5.00  2173015 1973.00 124.000   820.00 w
 1  4  49.00470 -41.31780  5.00   285001 1986.00 2048.00  2217.00 w
 2  4  50.20830 -16.35490  5.00  3069901 1969.00 136.000  1755.00
 2  4  49.93000 -16.23120  5.00  3069901 1969.00 130.000   310.00  
 2  4  49.87450 -16.12090  5.00  3069901 1969.00 137.000   350.00  
 2  4  49.79500 -16.09330  5.00  2173016 1973.00 204.000   933.00 
 2  4  49.70830 -15.99810  5.00  3069901 1969.00 128.000  1110.00
 2  4  49.65590 -16.00600  5.00  3069901 1969.00 137.000  1055.00  
 2  4  49.61070 -15.98900  5.00  3173002 1973.00 185.000  1608.00  
 2  4  49.50000 -16.03600  5.00  3069901 1969.00 127.000  2050.00
 2  4  49.35690 -15.81830  5.00  1270004 1970.00 208.000  1140.00 
 2  4  48.84830 -15.54830  5.00  2173014 1973.00 230.000   351.00  
 2  4  48.68500 -15.39830  5.00  2172005 1972.00 244.000  1838.00  
 2  4  48.65670 -15.40170  5.00  2172005 1972.00 210.000  2230.00
 1  5  48.76890 -41.14360  5.00   285001 1986.00 1701.00  1802.00 w
 1  5  48.29440 -40.84470  5.00  1377007 1977.00 209.000  1416.00 w  
 1  5  48.51620 -40.99780  5.00   285001 1986.00 1215.00  1326.00 w
 1  5  48.26750 -40.83350  5.00   285001 1986.00 799.000  1108.00 w
 1  5  47.99970 -40.75400  5.00   285001 1986.00 313.000  1050.00 w
 2  5  48.42900 -15.25100  5.00  1368001 1968.00 143.000  1620.00  
 2  5  48.33330 -15.31800  5.00  1274004 1974.00 207.000  2235.00  
 2  5  48.27490 -15.31640  5.00  5082901 1982.00 137.000   110.00  
 2  5  48.15120 -15.24140  5.00  1169009 1969.00 294.000  1936.00  
 2  5  47.96050 -15.19880  5.00  3175001 1975.00 186.000  2246.00  
 2  5  47.93210 -15.19240  5.00  3072901 1972.00 144.000  1810.00 
 2  5  47.79300 -15.18500  5.00  1367007 1967.00 147.000  1445.00  
 2  5  47.68320 -15.24250  5.00  4073003 1973.00 196.000  2338.00 
 1  6  47.81120 -40.61100  5.00  1987001 1987.00 218.000  1545.23 w
 1  6  47.63950 -40.32630  5.00  1987001 1987.00 218.000  1724.02 w
 1  6  47.40390 -40.20690  5.00  1987001 1987.00 218.000  1904.65 w
 2  6  47.46640 -15.09600  5.00  1184004 1984.00 206.000  2001.00  
 2  6  47.46040 -15.16400  5.00  4189001 1989.00 65.0000  1456.00  
 2  6  47.41860 -15.11620  5.00  3168901 1968.00 220.000   440.00  
 2  6  47.37130 -15.15220  5.00  4189001 1989.00 65.0000  1532.00  
 2  6  47.35850 -15.07250  5.00  3168901 1968.00 220.000  2300.00  
 2  6  47.28830 -15.04330  5.00  2172005 1972.00 237.000  2019.00  
 2  6  47.27050 -15.04310  5.00  3168901 1968.00 220.000   855.00  
 2  6  47.26630 -15.05040  5.00  3168901 1968.00 217.000   145.00  
 2  6  47.21880 -15.04250  5.00  3168901 1968.00 221.000   955.00  
 2  6  47.12140 -14.96830  5.00  3168901 1968.00 216.000   620.00  
 2  6  47.02160 -14.92290  5.00  3168901 1968.00 217.000   810.00  
 2  6  46.91530 -14.84780  5.00  3168901 1968.00 223.000    10.00  
 2  6  46.90590 -14.77080  5.00  3168901 1968.00 216.000   210.00  
 2  6  46.85980 -14.80050  5.00  3168901 1968.00 224.000     5.00  
 2  6  46.80970 -14.76290  5.00  5184007 1984.00 134.000  1439.00  
 2  6  46.65500 -14.78170  5.00  2173015 1973.00 157.000   206.00  
 2  6  46.63100 -14.64470  5.00  3168901 1968.00 223.000   230.00  
 2  6  46.57570 -14.64310  5.00  5084901 1984.00 108.000  1136.00
 1  7  47.19970 -39.92790  5.00  1987001 1987.00 218.000  2020.80 w
 1  7  46.98940 -39.87120  5.00  1987001 1987.00 219.000  1519.98 w
 1  7  46.77350 -39.72220  5.00  1987001 1987.00 219.000  1652.38 w
 1  7  46.71830 -39.65670  5.00  2174008 1974.00 346.000   752.00 w
 1  7  46.53790 -39.63440  5.00  1987001 1987.00 219.000  1845.39 w
 1  7  46.23310 -39.54860  5.00  1366004 1966.00 198.000   316.00 w 
 2  7  46.53980 -14.62830  5.00  5184008 1984.00 263.000   551.00  
 2  7  46.38420 -14.54890  5.00  5168001 1968.00 128.000  2150.00  
 2  7  46.26940 -14.52300  5.00  3168901 1968.00 224.000   500.00  
 2  7  46.19380 -14.57100  5.00  4183002 1983.00 299.000   347.00  
 2  7  46.18260 -14.60340  5.00  5177004 1977.00 281.000  1559.00  
 2  7  46.13200 -14.54200  5.00  5065009 1965.00 223.000  1050.00  
 2  7  46.02580 -14.57630  5.00  3175001 1975.00 235.000  1746.00
 1  8  46.22480 -39.48160  5.00  1987001 1987.00 219.000  2001.30 w
31  8  46.04300 -39.36100  5.00  5065009 1965.00 229.000   200.00 w out helres
 1  8  46.01070 -39.60070  5.00  1987001 1987.00 222.000  1600.14 w  
 1  8  45.77520 -39.60010  5.00  1987001 1987.00 222.000  1722.19 w
 1  8  45.57920 -39.37730  5.00  1987001 1987.00 222.000  1930.55 w
31  7  45.34070 -39.52910  5.00  1987001 1987.00 222.000  2052.02 w
31  7  45.00300 -39.85800  5.00  1987001 1987.00 223.000  1503.26 w
 2  8  45.76650 -14.56040  5.00  1366004 1966.00 208.000  2005.00  
 2  8  45.76100 -14.56700  5.00  3178003 1978.00 84.0000  2340.00  
 2  8  45.66150 -14.73520  5.00  5173002 1973.00 329.000  1038.00  
 2  8  45.65850 -14.60020  5.00  3176002 1976.00 308.000   332.00  
 2  8  45.59970 -14.59030  5.00  5180003 1980.00 160.000  1816.00  
 2  8  45.57950 -14.61180  5.00  3178003 1978.00 67.0000   412.00  
 2  8  45.53300 -14.57470  5.00  5171002 1971.00 37.0000  1554.00  
 2  8  45.34670 -14.71710  5.00  5171003 1971.00 65.0000    42.00  
 2  8  45.32660 -14.71970  5.00  4072009 1972.00 274.000   245.00  
31  8  51.91200 -48.57100  5.00 
31  8  51.91200 -48.25700  5.00
31  8  51.96500 -45.45700  5.00 
31  8  51.98300 -45.25700  5.00
 1  9  51.89500 -48.54300  5.00
 1  9  51.91200 -48.17100  5.00 
 1  9  52.28200 -45.71400  5.00 
 1  9  52.29900 -45.42900  5.00
 2  9  52.21200 -21.34300  5.00 
 2  9  52.24700 -21.00000  5.00 
 2  9  52.24700 -20.68600  5.00 
 2  9  52.19400 -18.68600  5.00 
 2  9  52.22900 -18.42900  5.00
