31  1  54.66500 -51.68170  5.00    72025 1972.00 295.000  2240.00 w
31  1  54.56600 -51.65140  5.00  1169010 1969.00 185.000  1542.00 w
31  1  54.50560 -51.74250  5.00    72025 1972.00 297.000   530.00 w
31  1  54.33260 -51.28390  5.00    72025 1972.00 299.000   109.00 w
31  1  54.15210 -51.09670  5.00    75018 1975.00 223.000   418.00 w
 1  1  52.81980 -50.76670  5.00    75018 1975.00 227.000   514.00 w
 1  1  52.15180 -49.87080  5.00    75018 1975.00 230.000  1929.00 w
 1  1  51.95370 -49.26760  5.00  1173014 1973.00 177.000  1750.00 w
 2  1  52.93690 -21.44040  5.00  1166007 1966.00 292.000   540.00  
 2  1  52.89000 -21.20000  5.00  2172002 1972.00 129.000  2058.00  
 2  1  52.86890 -21.11330  5.00  6072001 1972.00 342.000  2115.00  
 2  1  52.75870 -20.98020  5.00  2070008 1970.00 181.000    48.90  
 2  1  52.67000 -21.02000  5.00  2174007 1974.00 284.000   833.00  
 2  1  52.64520 -21.03360  5.00  1172003 1972.00 209.000  1250.00  
 2  1  52.47550 -20.75720  5.00  3177002 1977.00 171.000   322.00  
 1  2  51.99020 -45.38440  5.00  1166012 1966.00 229.000  1830.00 w
 1  2  51.70600 -45.31040  5.00   285001 1986.00 6563.00  1113.00 w
 1  2  51.58430 -45.02910  5.00  8579001 1979.00 14.0000   920.00 w
 1  2  51.47900 -45.07550  5.00   285001 1986.00 6284.00  2039.00 w
 1  2  51.42410 -45.05130  5.00  1178006 1978.00 209.000  1112.00 w
 1  2  51.29830 -44.66960  5.00   285001 1986.00 6007.00  1919.00 w
 1  2  51.25380 -44.62930  5.00  1166012 1966.00 229.000   830.00 w
 1  2  51.22380 -44.63570  5.00  8579001 1979.00 16.0000  1023.00 w
 1  2  51.10150 -44.49760  5.00  3181001 1981.00 271.000   640.00 w
 1  2  51.07130 -44.42750  5.00   285001 1986.00 5659.00  1916.00 w
 1  2  50.89220 -44.08450  5.00  8579001 1979.00 18.0000  1117.00 w
 1  2  50.86350 -44.12470  5.00   285001 1986.00 5105.00   309.00 w
 1  2  50.72480 -43.81970  5.00  1170013 1970.00 188.000   654.00 w
 1  2  50.67190 -43.75660  5.00   285001 1986.00 4896.00  1800.00 w
 1  2  50.49620 -43.52590  5.00  8579001 1979.00 20.0000  1118.00 w
 1  2  50.44100 -43.52940  5.00   285001 1986.00 4479.00   637.00 w
 1  2  50.26700 -43.30290  5.00  8579004 1980.00 123.000  2223.00 w
 1  2  50.22470 -43.25250  5.00   285001 1986.00 4201.00  2126.00 w
 1  2  50.12100 -42.98470  5.00  8579001 1979.00 24.0000  1316.00 w
 1  2  50.01030 -42.96730  5.00   285001 1986.00 3716.00   534.00 w
 1  2  49.91340 -42.89060  5.00  1283006 1983.00 227.000  1155.00 w
 1  2  49.80800 -42.65980  5.00   285001 1986.00 3369.00    24.00 w
 1  2  49.75720 -42.50490  5.00  8579001 1979.00 26.0000  1414.00 w
 1  2  49.58890 -42.37980  5.00   285001 1986.00 3091.00   538.00 w
31  2  49.36560 -42.32010  5.00  8579001 1979.00 28.0000  1410.00 w
31  2  49.32890 -42.27410  5.00   285001 1986.00 2743.00  1529.00 w
 2  2  52.02670 -17.51670  5.00  2174004 1974.00 195.000  1935.00  
 2  2  52.02570 -17.44470  5.00  1172003 1972.00 210.000   930.00
 2  2  51.93000 -17.57500  5.00  2174007 1974.00 284.000  1947.00  
 2  2  51.68050 -17.30750  5.00  3170901 1970.00 113.000   308.00  
 2  2  51.62330 -17.18000  5.00  2172005 1972.00 243.000  1515.00  
 2  2  51.52800 -17.18010  5.00  3170901 1970.00 174.000  2342.00  
 2  2  51.45750 -17.05370  5.00  3166901 1966.00 250.000  1515.00  
 2  2  51.39670 -16.93170  5.00  2173014 1973.00 226.000  1544.00  
 2  2  51.09830 -16.60170  5.00  2175003 1975.00 102.0000   928.00  
 2  2  50.99920 -16.21030  5.00  3166901 1966.00 250.000   135.00  
 2  2  50.92000 -16.25670  5.00  2174008 1974.00 342.000  1753.00  
 2  2  50.69670 -16.42330  5.00  2172006 1972.00 312.000   405.00  
 2  2  50.63830 -16.36000  5.00  2173016 1973.00 206.000  1501.00  
 2  2  50.44390 -16.21650  5.00  1165010 1965.00 246.000   737.00  
 2  2  50.37810 -16.18570  5.00  5081901 1981.00 225.000  1649.00  
 2  2  50.36070 -16.22080  5.00  3069901 1969.00 127.000   355.00  
 2  2  50.20830 -15.96830  5.00  3069901 1969.00 136.000  1535.00  
 2  2  50.06340 -15.94120  5.00  3069901 1969.00 130.000   450.00  
 2  2  49.84330 -15.78830  5.00  2173016 1973.00 204.000   834.00  
 2  2  49.83270 -15.75680  5.00  3173002 1973.00 185.000  1438.00  
 2  2  49.70830 -15.65780  5.00  3069901 1969.00 128.000   935.00  
 2  2  49.58740 -15.50950  5.00  3069901 1969.00 137.000  1455.00  
 2  2  49.50000 -15.52710  5.00  3069901 1969.00 127.000  2300.00
 1  3  49.10960 -42.02060  5.00   285001 1986.00 2326.00  2129.00 w  
 1  3  48.97830 -41.84120  5.00  3181001 1981.00 278.000   234.00 w
 1  3  48.90950 -41.67030  5.00   285001 1986.00 2048.00  1639.00 w
 1  3  48.70500 -41.75170  5.00  2173015 1973.00 124.000   608.00 w
 1  3  48.62950 -41.64170  5.00   285001 1986.00 1702.00   345.00 w
 1  3  48.55150 -41.60140  5.00  3181001 1981.00 278.000   900.00 w
 1  3  48.36300 -41.57010  5.00   285001 1986.00 1216.00   216.00 w
 1  3  48.28890 -41.59700  5.00  3181001 1981.00 281.000  1112.00 w
 1  3  48.09490 -41.45900  5.00   285001 1986.00 799.000   213.00 w
 1  3  47.95020 -41.36010  5.00  1377007 1977.00 209.000  1718.00 w
 2  3  49.09330 -15.19170  5.00  2173014 1973.00 230.000   525.00  
 2  3  48.96340 -15.15040  5.00  1270004 1970.00 208.000  1445.00  
 2  3  48.91160 -15.12260  5.00  5082901 1982.00 136.000  2207.00
 2  3  48.68830 -14.96170  5.00  2172005 1972.00 244.000  2010.00  
 2  3  48.57830 -14.93170  5.00  4189001 1989.00 64.0000  2348.00  
 2  3  48.52270 -14.94920  5.00  1274004 1974.00 208.000    20.00  
 2  3  48.47600 -14.84100  5.00  1368001 1968.00 143.000  1800.00  
 2  3  48.26330 -14.88830  5.00  2172005 1972.00 211.000   130.00  
 2  3  48.03120 -14.80990  5.00  1169009 1969.00 294.000  1730.00  
 2  3  48.01680 -14.87270  5.00  3175001 1975.00 186.000  2044.00 
 2  3  47.94520 -14.91250  5.00  3072901 1972.00 144.000  1630.00  
 2  3  47.88600 -14.75100  5.00  1367007 1967.00 147.000  1622.00  
 2  3  47.71190 -14.79410  5.00  4073003 1973.00 197.000   111.00 
 1  4  47.88440 -41.17000  5.00   285001 1986.00 382.000   556.00 w
 1  4  47.80730 -41.11460  5.00  3181001 1981.00 281.000  2304.00 w
 1  4  47.69060 -41.05180  5.00  1987001 1987.00 218.000  1540.88 w
 1  4  47.51690 -40.74760  5.00  1987001 1987.00 218.000  1728.67 w  
 1  4  47.29230 -40.62310  5.00  1987001 1987.00 218.000  1900.45 w  
 1  4  47.08150 -40.35650  5.00  1987001 1987.00 218.000  2025.67 w 
 1  4  46.90750 -40.23440  5.00  1987001 1987.00 219.000  1516.03 w 
 1  4  46.67730 -40.16640  5.00  1987001 1987.00 219.000  1656.81 w
 1  4  46.57830 -40.17670  5.00  2174008 1974.00 346.000  1028.00 w
 1  4  46.44830 -40.04260  5.00  1987001 1987.00 219.000  1841.17 w
31  4  46.15130 -40.00680  5.00  1987001 1987.00 219.000  2006.89 w
 2  4  47.46080 -14.77950  5.00  1184004 1984.00 206.000  1853.00  
 2  4  47.45560 -14.78170  5.00  3168901 1968.00 220.000   320.00  
 2  4  47.32440 -14.68900  5.00  3168901 1968.00 222.000   610.00  
 2  4  47.30510 -14.68620  5.00  3178905 1978.00 183.000  1546.00  
 2  4  47.29500 -14.68830  5.00  2172005 1972.00 237.000  1908.00  
 2  4  47.29450 -14.76170  5.00  3168901 1968.00 220.000   210.00
 2  4  47.27930 -14.69640  5.00  3168901 1968.00 222.000  1045.00  
 2  4  47.24730 -14.65300  5.00  3168901 1968.00 217.000  2200.00  
 2  4  47.21890 -14.62300  5.00  3168901 1968.00 217.000  2240.00  
 2  4  47.11090 -14.52720  5.00  3168901 1968.00 218.000   240.00
 2  4  46.97270 -14.35550  5.00  3168901 1968.00 216.000    40.00  
 2  4  46.92310 -14.43070  5.00  3168901 1968.00 218.000   610.00
 2  4  46.90350 -14.42670  5.00  5184007 1984.00 134.000  1526.00  
 2  4  46.86040 -14.47010  5.00  3168901 1968.00 225.000  2120.00  
 2  4  46.83990 -14.47390  5.00  3168901 1968.00 223.000   535.00
 2  4  46.65950 -14.30880  5.00  5084901 1984.00 108.000  1240.00  
 2  4  46.65830 -14.32500  5.00  2173015 1973.00 157.000   403.00  
 2  4  46.64090 -14.29120  5.00  5184008 1984.00 263.000   643.00  
 2  4  46.63300 -14.30110  5.00  3168901 1968.00 223.000   355.00  
 2  4  46.48820 -14.21230  5.00  5168001 1968.00 128.000  2002.00  
 2  4  46.40480 -14.20530  5.00  3168901 1968.00 224.000   635.00  
 2  4  46.32930 -14.16830  5.00  5177004 1977.00 281.000  1356.00  
 2  4  46.22080 -14.11590  5.00  4183002 1983.00 299.000   200.00  
 2  4  46.18270 -14.10650  5.00  3175001 1975.00 235.000  1946.00 
 2  4  46.12600 -13.99300  5.00  5065009 1965.00 223.000   835.00   
 1  5  51.80000 311.25800  5.00   
 1  5  51.82000 311.59500  5.00   
 1  5  51.84000 312.02500  5.00   
 1  5  51.90800 312.33100  5.00   
31  5  51.94600 312.63800  5.00   
31  5  51.94600 312.97500  5.00   
31  5  52.00300 313.22100  5.00   
 1  5  52.02200 313.52800  5.00   
 1  5  52.07800 313.86500  5.00   
 1  5  52.13500 314.29400  5.00   
 2  5  52.19200 339.29400  5.00   
 2  5  52.17300 339.69300  5.00   
 2  5  52.19200 340.06100  5.00   
32  5  52.19200 340.46000  5.00   
32  5  52.19200 340.95100  5.00   
32  5  52.17300 341.35000  5.00   
 2  5  52.19200 341.68700  5.00   
 2  5  52.19200 341.99400  5.00   
 2  5  52.19200 342.27000  5.00  
