 1  1  38.48550 -33.25900  5.00  1281006 1981.00 274.000  2240.00 w
 1  1  38.52800 -33.28000  5.00  1369007 1969.00 13.0000   800.00 w
 1  1  38.54670 -33.28700  5.00  5184006 1984.00 91.0000   745.00 w
 1  1  38.84230 -33.24020  5.00  1281006 1981.00 264.000  1505.00 w
 1  1  39.01260 -33.20140  5.00  1281006 1981.00 272.000  1810.00 w
 1  1  39.06350 -33.20540  5.00  4189002 1989.00 94.0000   323.00 w
32  1  37.32050 -28.03370  5.00  5180005 1980.00 302.000  2118.00 no
32  1  37.33380 -27.87820  5.00  3173002 1973.00 202.000  1708.00 no
32  1  37.34940 -28.03050  5.00  4172001 1972.00 295.000  1837.00 no
32  1  37.36980 -27.99820  5.00  1174005 1974.00 325.000  2254.00 no
32  1  37.54870 -27.88590  5.00  4073007 1973.00 267.000  2339.00  
32  1  37.60170 -27.68430  5.00  1173005 1973.00 142.000  1900.00  
32  1  37.71990 -27.43370  5.00  1275002 1975.00 178.000  2325.00  
32  1  37.75150 -27.49350  5.00  4072008 1972.00 265.000   844.00  
 2  1  37.87160 -27.28910  5.00  1173013 1973.00 146.000  1900.00  
 2  1  38.17200 -27.19400  5.00  1369007 1969.00 14.0000   745.00  
 2  1  38.18980 -27.13920  5.00  4189002 1989.00 92.0000  1902.00  
 2  1  38.28540 -27.16410  5.00  4072007 1972.00 248.000   646.00  
 2  1  38.38540 -27.06380  5.00  4179004 1979.00 288.000  1652.00  
 2  1  38.48130 -27.03130  5.00  3178003 1978.00 75.0000   206.00  
 2  1  38.52750 -26.99910  5.00  5174002 1974.00 285.000  2347.00  
 2  1  38.56460 -27.01040  5.00  1373010 1973.00 151.000  1533.00  
 1  2  39.65180 -33.00330  5.00  5184008 1984.00 261.000   249.00 w
 1  2  39.87410 -32.91960  5.00  5182003 1982.00 199.000  2344.00 w
 1  2  39.88120 -32.94510  5.00  1173013 1973.00 148.000   418.00 w
31  2  39.91600 -32.65100  5.00  5065006 1965.00 158.000   850.00 w
 2  2  38.69170 -26.86570  5.00  5173002 1973.00 327.000  1503.00  
 2  2  39.01500 -26.77000  5.00  1368001 1968.00 226.000    25.00  
 2  2  39.02800 -26.72420  5.00  3175001 1975.00 211.000  2116.00  
 2  2  39.17790 -26.70330  5.00  4177003 1977.00 259.000  1629.00  
 1  3  40.23690 -32.75740  5.00  5168001 1968.00 132.000    44.00 w
31  3  41.55530 -32.37540  5.00  5168002 1968.00 151.000  2146.00 w
 1  3  41.65500 -32.45800  5.00  1368001 1968.00 219.000  1430.00 w
 1  3  42.35000 -32.19000  5.00  1368001 1968.00 220.000   420.00 w
 2  3  40.12080 -26.56530  5.00  5168003 1968.00 298.000  1007.00  
 2  3  40.60580 -26.30820  5.00  3173002 1973.00 189.000  1858.00  
 2  3  40.60580 -26.31150  5.00  3175001 1975.00 206.000   924.00  
 2  3  41.10900 -26.26800  5.00  1368001 1968.00 229.000   755.00  
 2  3  41.12300 -26.26600  5.00  1368001 1968.00 218.000   140.00  
 2  3  41.56470 -26.15310  5.00  3186001 1986.00 98.0000  1134.00  
31  4  42.84900 -32.28000  5.00  1368001 1968.00 252.000  1835.00 w
 1  4  43.06900 -32.20100  5.00  5065007 1965.00 181.000   220.00 w
 1  4  43.50670 -32.03670  5.00  2175003 1975.00 99.0000  1231.00 w
 1  4  43.71600 -31.92600  5.00  1367007 1967.00 141.000   730.00 w
 1  4  43.80790 -31.85070  5.00  1165010 1965.00 251.000  2325.00 w
31  4  43.83030 -31.82910  5.00  5083901 1983.00 164.000  2125.00 w
 1  4  43.92380 -31.83090  5.00  5082901 1982.00 41.0000  1854.00 w
31  4  44.11610 -31.91580  5.00  4189002 1989.00 102.0000  1651.00 w
 2  4  42.08100 -26.19120  5.00  1274004 1974.00 205.000  1115.00  
 2  4  42.08960 -26.16950  5.00  1169009 1969.00 306.000  2312.00  
 2  4  42.15530 -26.13860  5.00  1169009 1969.00 305.000     6.00  
 2  4  42.28300 -26.18160  5.00  1283006 1983.00 193.000  1630.00  
 2  4  42.33990 -26.14000  5.00  1169009 1969.00 304.000  1606.00  
 2  4  42.48150 -25.97120  5.00  1169009 1969.00 302.000  1848.00  
32  4  42.62870 -26.06520  5.00  5184008 1984.00 261.000  2301.00 out
 2  4  42.86930 -25.88330  5.00  5168001 1968.00 130.000  2133.00  
 2  4  42.90120 -25.77150  5.00  3072901 1972.00 159.000  1445.00  
 2  4  43.10000 -25.72300  5.00  5065007 1965.00 182.000   310.00  
 2  4  43.33270 -25.61230  5.00  3170901 1970.00 133.000  1703.00  
 2  4  43.70400 -25.42530  5.00  3170901 1970.00 134.000   903.00  
 2  4  43.77990 -25.36470  5.00  5184007 1984.00 133.000  1308.00 w
 1  5  44.91440 -31.35190  5.00  1170003 1970.00 297.000   330.00 w
 2  5  44.39720 -24.90380  5.00  3175001 1975.00 227.000  1246.00  
 2  5  44.50870 -24.82650  5.00  5184006 1984.00 89.0000  2250.00  
 2  5  44.55820 -24.91950  5.00  3175001 1975.00 231.000   224.00  
 2  5  44.60570 -24.81770  5.00  3177002 1977.00 198.000  1416.00  
 2  5  44.63560 -24.73560  5.00  3170901 1970.00 116.000  2252.00  
 2  5  44.65180 -24.68400  5.00  3175001 1975.00 224.000  1538.00  
32  5  44.89770 -24.56580  5.00  3170901 1970.00 116.000  2052.00  
 1  6  45.29490 -31.00450  5.00  1178001 1978.00 295.000   806.00 w
 1  6  45.40300 -30.90600  5.00  1368001 1968.00 138.000   300.00 w
 1  6  45.96000 -30.78100  5.00  5065009 1965.00 227.000    35.00 w
 1  6  46.32810 -30.66650  5.00  1184004 1984.00 212.000   500.50 w
 2  6  45.13750 -24.37390  5.00  3178905 1978.00 179.000   216.00  
 2  6  45.16590 -24.42860  5.00  4189002 1989.00 104.0000   238.00  
 2  6  45.63700 -24.26790  5.00  1170003 1970.00 295.000  1524.00  
 2  6  45.78500 -24.22500  5.00  2172005 1972.00 198.000   715.00  
 2  6  45.95430 -24.20250  5.00  1172003 1972.00 205.000  1706.00  
 2  6  46.06100 -24.21400  5.00  5065009 1965.00 225.000  2225.00  
 1  7  47.10730 -30.71160  5.00  3173901 1973.00 160.000   755.00 w
 2  7  46.30270 -24.04520  5.00  3175001 1975.00 189.000  2204.00  
 2  7  46.50660 -23.96750  5.00  3072901 1972.00 148.000   410.00  
 2  7  46.64330 -24.04000  5.00  2173015 1973.00 153.000  1844.00  
 1  8  50.87200 -32.95120  5.00  8579001 1979.00 19.0000  1327.00 w
 1  8  51.01830 -33.08670  5.00  2173013 1973.00 223.000  2316.00 w
 1  8  51.07830 -33.15000  5.00  2173014 1973.00 253.000   403.00 w
31  8  51.99070 -33.77320  5.00  1283006 1983.00 225.000  1725.00 w
32  8  47.90990 -24.28740  5.00  3173901 1973.00 161.000   620.00  
 2  8  48.20170 -24.20500  5.00  2173013 1973.00 232.000   547.00  
 2  8  48.90330 -24.73170  5.00  2172005 1972.00 205.000  2105.00  
 2  8  49.06730 -24.85370  5.00  1173015 1973.00 295.000  1636.00  
 2  8  49.08720 -24.86220  5.00  1172003 1972.00 207.000   112.00  
 2  8  49.17000 -24.89830  5.00  2173013 1973.00 231.000  1541.00  
31  3  49.24170 -32.45170  5.00  2172002 1972.00 127.000  1058.00 w
31  3  49.73750 -33.03820  5.00  8579001 1979.00 27.0000  1259.00 w
 2  8  49.87000 -25.63170  5.00  2174008 1974.00 344.000   410.00  
 2  8  50.01670 -25.75670  5.00  2173013 1973.00 229.000   551.00  
 2  8  50.48420 -26.22600  5.00  1366004 1966.00 200.000   544.00  
 2  8  50.64500 -26.32330  5.00  2173014 1973.00 254.000   131.00  
 2  8  50.98500 -26.57670  5.00  2173013 1973.00 227.000  1406.00  
32  8  51.60060 -26.87630  5.00  1169008 1969.00 277.000  1930.00    
 1  9  53.75170 -39.05330  5.00  1585001 1985.00 233.000   321.00 w
 1  9  53.79880 -39.02470  5.00  8579001 1979.00 2.00000  2307.00 w
 1  9  54.03970 -39.03630  5.00  8579004 1979.00 71.0000  1014.00 w
 1  9  54.16100 -39.11660  5.00  8579001 1979.00 43.0000  2218.00 w
 1  9  54.23890 -39.07340  5.00  1178006 1978.00 210.000  1224.00 w
 1  9  54.53330 -39.10470  5.00  8579001 1979.00 41.0000  2229.00 w
 1  9  54.79170 -39.19450  5.00  1173013 1973.00 156.000  1854.00 w
 1  9  54.89380 -39.13710  5.00  2075004 1975.00 284.000  2029.60 w
 1  9  54.93100 -39.16350  5.00  8579001 1979.00 39.0000  2231.00 w
 1  9  55.27560 -39.23790  5.00  8579001 1979.00 37.0000  2121.00 w
31  8  55.63570 -39.13290  5.00  8579001 1979.00 35.0000  2128.00 w
31  8  55.73430 -39.05350  5.00  1173013 1973.00 158.000  1448.00 w
31  8  55.93150 -39.16950  5.00  8579001 1979.00 33.0000  2052.00 w
31  8  56.11800 -39.03870  5.00  1173013 1973.00 159.000  1900.00 w  
31  8  53.40160 -39.21060  5.00  8579001 1979.00 4.00000  2235.00 w
32  8  52.41070 -31.87930  5.00  3177002 1977.00 174.000   244.00  
32  8  52.87500 -31.80170  5.00  2174007 1974.00 280.000  1706.00  
32  8  52.90670 -31.77500  5.00  1173015 1973.00 289.000  2306.00
 2  9  53.69090 -31.76320  5.00  4069004 1969.00 227.000   135.00  
 2  9  53.92110 -31.86320  5.00  1169008 1969.00 276.000   948.00  
 2  9  54.21000 -31.91330  5.00  2172005 1972.00 202.000   600.00  
 2  9  54.49150 -31.90120  5.00  3177002 1977.00 192.000  1402.00  
 2  9  54.81330 -31.87830  5.00  2173014 1973.00 220.000   148.00   
31  1  56.63620 -38.82890  5.00  8579001 1979.00 22.0000  2133.00 w no match
31  1  56.79150 -38.71870  5.00  1173014 1973.00 190.000   510.00 w no match
31  1  56.93110 -38.73790  5.00  1173014 1973.00 190.000  1030.00 w no match
31  9  57.00880 -37.47110  5.00  8585001 1985.00 181.000  2030.00 w
31  9  57.18020 -37.48000  5.00  8585001 1985.00 220.000   422.00 w
 1 10  57.35290 -37.05640  5.00  8585001 1985.00 219.000  1447.00 w
 1 10  57.52780 -37.03910  5.00  8585001 1985.00 217.000  1809.00 w
 1 10  57.72200 -37.01150  5.00  8585001 1985.00 215.000  1228.00 w
 1 10  57.77820 -36.82920  5.00  8585001 1985.00 217.000  1609.00 w
31  9  57.83170 -36.44170  5.00  1173014 1973.00 195.000  1840.00 w
31  9  57.89890 -36.29890  5.00  8585001 1985.00 214.000   438.00 w
31  9  58.07890 -36.26960  5.00  8585001 1985.00 212.000  1411.00 w
 2 10  57.02430 -29.61360  5.00  1178006 1978.00 211.000  2230.00  
 2 10  57.24120 -29.33040  5.00  2070009 1970.00 232.000   647.10  
32  5  57.83470 -28.73380  5.00  2070010 1970.00 262.000  2031.50  
32  5  58.08430 -28.64860  5.00  2070010 1970.00 262.000  1138.70  
31 11  58.61080 -35.20230  5.00  8585001 1985.00 209.000   632.00 w
 1 11  58.79150 -34.98160  5.00  8585001 1985.00 208.000  1633.00 w
 1 11  58.88110 -34.85740  5.00  1270004 1970.00 191.000  1325.00 w
 1 11  58.96080 -34.94160  5.00  8585001 1985.00 207.000   542.00 w
 1 11  59.14230 -34.91930  5.00  8585001 1985.00 206.000  1437.00 w
 1 11  59.32790 -34.79950  5.00  8585001 1985.00 205.000   626.00 w
 2 11  58.22040 -27.45250  5.00  2070010 1970.00 259.000  1312.50  
31 10  58.26040 -36.02430  5.00  8585001 1985.00 211.000   726.00 w
 2 11  58.40590 -27.37800  5.00  6067001 1967.00 36.0000   440.00  
 2 11  58.40600 -27.38690  5.00  2070010 1970.00 258.000  1830.20  
31 10  58.42130 -35.52550  5.00  8585001 1985.00 210.000  1617.00 w
 2 11  58.52120 -27.34840  5.00  2070009 1970.00 245.000   548.60  
 2 11  58.74000 -27.22010  5.00  2070009 1970.00 242.000   601.10  
 1 12  59.50020 -34.33340  5.00  8585001 1985.00 159.000  2325.00 w
 1 12  59.59280 -34.25440  5.00  8585001 1985.00 163.000  1634.00 w
 1 12  59.65110 -34.18700  5.00  8585001 1985.00 245.000  1642.00 w
 1 12  59.71200 -34.10860  5.00  2072001 1972.00 201.000   557.20 w
 1 12  59.68640 -34.10390  5.00  8585001 1985.00 161.000  1000.00 w
 1 12  59.77240 -33.95050  5.00  8585001 1985.00 184.000   102.00 w
 1 12  59.87730 -33.85020  5.00  1166012 1966.00 233.000  1720.00 w
 1 12  59.97750 -33.73580  5.00  2075004 1975.00 279.000   611.80 w
 1 12  60.06170 -33.61510  5.00  8585001 1985.00 187.000  2230.00 w
 1 12  60.14400 -33.48270  5.00  8585001 1985.00 189.000    40.00 w
 1 12  60.20830 -33.38250  5.00  6077001 1977.00 13.0000  1410.00 w
 1 12  60.23660 -33.35450  5.00  8585001 1985.00 189.000  2044.00 w
 1 12  60.33430 -33.26990  5.00  8585001 1985.00 196.000  1126.00 w
 1 12  60.34070 -33.24050  5.00  2071002 1971.00 168.000   515.00 w
 1 12  60.38680 -33.13790  5.00  2075004 1975.00 279.000  1609.60 w
 1 12  60.41540 -33.14220  5.00  8585001 1985.00 195.000  1510.00 w
 1 12  60.50410 -33.05060  5.00  8585001 1985.00 197.000   141.00 w
31 12  60.60000 -33.15670  5.00  6067001 1967.00 27.0000  1122.00 w
 1 12  60.60060 -32.99210  5.00  8585001 1985.00 199.000    52.00 w
 1 12  60.67970 -32.92910  5.00  2075004 1975.00 276.000  2253.00 w
 1 12  60.69330 -32.92840  5.00  8585001 1985.00 201.000  2240.00 w
 1 12  60.79530 -32.70440  5.00  8585001 1985.00 200.000  1829.00 w
 1 12  60.82390 -32.63570  5.00  6077001 1977.00 10.00000  1640.00 w
 1 12  60.88120 -32.58970  5.00  8585001 1985.00 202.000    57.00 w
 1 12  60.98140 -32.41430  5.00  8585001 1985.00 202.000  1412.00 w
 1 12  61.16260 -32.21960  5.00  8585001 1985.00 203.000   724.00 w
 1 12  61.23740 -32.21160  5.00  2075004 1975.00 276.000  1027.20 w
 1 12  61.24480 -32.07250  5.00  8585001 1985.00 177.000   200.00 w
 1 12  61.33810 -31.97300  5.00  8585001 1985.00 177.000  1354.00 w
 1 12  61.43250 -31.88460  5.00  8585001 1985.00 176.000   515.00 w
 1 12  61.52450 -31.70420  5.00  8585001 1985.00 175.000  1930.00 w
 1 12  61.55590 -31.66630  5.00  6067001 1967.00 29.0000   108.00 w
 1 12  61.61540 -31.61480  5.00  8585001 1985.00 173.000   221.00 w
 1 12  61.71490 -31.41850  5.00  8585001 1985.00 173.000  1010.00 w
 1 12  61.80100 -31.33810  5.00  8585001 1985.00 172.000   410.00 w
 1 12  61.84670 -31.20440  5.00  2075004 1975.00 273.000   951.40 w
 1 12  61.89760 -31.21340  5.00  8585001 1985.00 171.000  1759.00 w
 1 12  61.98310 -31.05770  5.00  8585001 1985.00 170.000   240.00 w
 1 12  61.91160 -31.10920  5.00  2075004 1975.00 273.000   213.50 w
 1 12  62.05780 -30.84680  5.00  6077001 1977.00 6.00000  1510.00 w
 1 12  62.08090 -30.90120  5.00  8585001 1985.00 170.000   621.00 w
 1 12  62.14900 -30.80710  5.00  4177002 1977.00 234.000  1427.00 w
 1 12  62.17220 -30.77870  5.00  8585001 1985.00 169.000  2103.00 w
 1 12  62.24590 -30.65170  5.00  8585001 1985.00 193.000   744.00 w
 1 12  62.30060 -30.38900  5.00  2075003 1975.00 265.000   557.60 w
 1 12  62.41170 -30.25550  5.00  6077001 1977.00 3.00000  1540.00 w
 1 12  62.64930 -30.03220  5.00  2075003 1975.00 264.000  1914.00 w
 1 12  62.96810 -29.52760  5.00  2075003 1975.00 261.000  1352.90 w
32 12  62.99380 -22.42280  5.00  2174011 1974.00 243.000  1134.24  
 1 12  63.14400 -29.26430  5.00  2075003 1975.00 261.000   414.40 w
 1 12  63.37220 -28.95960  5.00  6076001 1976.00 354.000   336.00 w
 1 12  63.45780 -28.79120  5.00  2073011 1973.00 281.000   517.10 w
 1 12  63.77610 -28.39050  5.00  1170013 1970.00 196.000  1357.00 w
 1 12  63.77770 -28.37480  5.00  2075003 1975.00 257.000  2133.90 w
 1 12  63.91600 -28.21710  5.00  4177001 1977.00 208.000   345.00 w
 1 12  63.97670 -28.12880  5.00  2075003 1975.00 255.000   314.00 w
31 12  64.30860 -27.84130  5.00  1166012 1966.00 236.000  1400.00 w
31 12  64.31220 -27.81930  5.00  1170015 1970.00 200.000   342.00 w
31 12  64.36290 -27.74140  5.00  2072002 1972.00 217.000   936.10 w
31 12  64.66840 -27.15400  5.00  2072002 1972.00 208.000  1430.00 w
31 12  64.78530 -26.97860  5.00  1172011 1972.00 225.000   530.00 w
31 12  65.04180 -26.41020  5.00  6572001 1972.00 20.0000  1433.00 w
31 12  65.06670 -26.51170  5.00  1173014 1973.00 202.000  1232.00 w
31 12  65.14950 -26.36610  5.00  1173014 1973.00 202.000  1412.00 w
31 12  65.18480 -26.31010  5.00  6572001 1972.00 18.0000  1902.00 w
31 12  65.29650 -26.17920  5.00  6572001 1972.00 19.0000   823.00 w
31 12  65.40000 -26.02110  5.00  1173014 1973.00 203.000  1100.00 w
31 12  65.41680 -26.02630  5.00  6572001 1972.00 19.0000  1824.00 w
 2 12  58.81470 -26.80270  5.00  8579003 1979.00 106.000   115.00  
 2 12  58.83270 -27.01000  5.00  3177002 1977.00 176.000   452.00  
 2 12  58.84760 -26.77450  5.00  8579003 1979.00 105.0000   145.00  
 2 12  58.91150 -26.73340  5.00  8579003 1979.00 104.0000   152.00  
 2 12  58.91230 -26.71350  5.00  2070009 1970.00 241.000   225.50  
 2 12  58.96660 -26.72600  5.00  8579003 1979.00 103.0000   109.00  
 2 12  59.00600 -26.67250  5.00  8579003 1979.00 102.0000   120.00  
 2 12  59.04550 -26.60700  5.00  3177001 1977.00 190.000  2034.00  
 2 12  59.04990 -26.57050  5.00  8579003 1979.00 101.0000    53.00  
 2 12  59.08460 -26.52630  5.00  8579003 1979.00 100.0000   117.00  
32 12  59.09870 -26.78050  5.00  6067001 1967.00 36.0000   136.00  out helres
 2 12  59.11090 -26.41670  5.00  8579003 1979.00 99.0000   132.00  
 2 12  59.15440 -26.36680  5.00  8579003 1979.00 98.0000   126.00  
 2 12  59.20250 -26.32720  5.00  8579003 1979.00 97.0000   106.00  
 2 12  59.25470 -26.28530  5.00  8579003 1979.00 96.0000   136.00  
 2 12  59.29040 -26.22440  5.00  8579003 1979.00 95.0000    58.00  
 2 12  59.31980 -26.14530  5.00  8579003 1979.00 94.0000   108.00  
 2 12  59.36890 -26.08690  5.00  8579003 1979.00 93.0000   102.00  
 2 12  59.38840 -25.93160  5.00  6067001 1967.00 33.0000   145.00  
 2 12  59.40540 -26.02440  5.00  8579003 1979.00 92.0000   143.00  
 2 12  59.46540 -25.97340  5.00  8579003 1979.00 91.0000   104.00  
 2 12  59.50810 -25.91760  5.00  8579003 1979.00 90.0000   112.00  
 2 12  59.53330 -25.76330  5.00  1270004 1970.00 194.000  1600.00  
 2 12  59.55050 -25.78760  5.00  8579003 1979.00 89.0000   138.00  
 2 12  59.64360 -25.70410  5.00  8579003 1979.00 87.0000    44.00  
 2 12  59.70070 -25.65510  5.00  8579003 1979.00 86.0000   115.00  
 2 12  59.74400 -25.56980  5.00  8579003 1979.00 85.0000   121.00  
 2 12  59.74500 -25.53110  5.00  6076001 1976.00 354.000  2240.00  
 2 12  59.75700 -25.52660  5.00  1276006 1976.00 221.000  2105.00  
 2 12  59.77130 -25.50530  5.00  8579003 1979.00 84.0000    20.00  
 2 12  59.81010 -25.44810  5.00  8579003 1979.00 83.0000   145.00  
 2 12  59.86090 -25.38580  5.00  8579003 1979.00 82.0000   121.00  
 2 12  59.91910 -25.36390  5.00  8579003 1979.00 81.0000    44.00  
 2 12  59.95420 -25.27280  5.00  8579003 1979.00 80.0000   105.00  
 2 12  60.01080 -25.25100  5.00  8579003 1979.00 79.0000   143.00  
 2 12  60.01360 -25.06250  5.00  8579003 1979.00 78.0000   144.00  
 2 12  60.04770 -24.98000  5.00  8579003 1979.00 77.0000   119.00  
 2 12  60.13320 -25.23410  5.00  1169008 1969.00 270.000  1524.00  
 2 12  60.13610 -25.06930  5.00  8579003 1979.00 75.0000    47.00  
 2 12  60.18390 -25.01010  5.00  8579003 1979.00 73.0000   116.00  
 2 12  60.22490 -24.86420  5.00  1166012 1966.00 234.000  2150.00  
 2 12  60.22970 -24.87540  5.00  6067001 1967.00 32.0000  1543.00  
 2 12  60.23270 -24.94300  5.00  8579003 1979.00 71.0000   112.00  
 2 12  60.31550 -24.70230  5.00  1166012 1966.00 235.000   200.00  
 2 12  60.35650 -24.64620  5.00  8579003 1979.00 67.0000   107.00  
 2 12  60.41560 -24.63140  5.00  1169008 1969.00 270.000  1300.00  
 2 12  60.42290 -24.64330  5.00  8579003 1979.00 66.0000    51.00  
 2 12  60.46300 -24.55230  5.00  8579003 1979.00 65.0000    50.00  
 2 12  60.51230 -24.47910  5.00  8579003 1979.00 62.0000   102.00  
 2 12  60.53930 -24.36520  5.00  8579003 1979.00 61.0000   130.00  
 2 12  60.55230 -24.38090  5.00  1170014 1970.00 269.000   218.00  
 2 12  60.58590 -24.30030  5.00  8579003 1979.00 60.0000   139.00  
 2 12  60.59310 -24.39240  5.00  2075004 1975.00 275.000   242.90  
 2 12  60.63790 -24.24890  5.00  8579003 1979.00 59.0000   113.00  
 2 12  60.68200 -24.18520  5.00  8579003 1979.00 58.0000   139.00  
 2 12  60.73060 -24.11490  5.00  8579003 1979.00 57.0000    53.00  
 2 12  60.79160 -24.08260  5.00  8579003 1979.00 56.0000    45.00  
 2 12  60.82600 -23.96790  5.00  8579003 1979.00 55.0000    42.00  
 2 12  60.89070 -23.94180  5.00  8579003 1979.00 53.0000   128.00  
 2 12  60.92880 -23.87940  5.00  8579003 1979.00 52.0000   134.00  
 2 12  60.98510 -23.81060  5.00  8579003 1979.00 51.0000   133.00  
 2 12  61.02670 -23.73240  5.00  8579003 1979.00 50.0000   115.00  
 2 12  61.06760 -23.62450  5.00  8579003 1979.00 47.0000   130.00  
 2 12  61.12130 -23.56760  5.00  8579003 1979.00 46.0000   121.00  
 2 12  61.13020 -23.51900  5.00  2075004 1975.00 274.000  1309.10  
 2 12  61.16510 -23.48290  5.00  8579003 1979.00 44.0000   130.00  
 2 12  61.19830 -23.35670  5.00  8579003 1979.00 43.0000    59.00  
 2 12  61.24420 -23.26520  5.00  8579003 1979.00 42.0000   126.00  
 2 12  61.34520 -23.19400  5.00  1170014 1970.00 268.000   812.00  
 2 12  61.36220 -23.20670  5.00  8579003 1979.00 38.0000   120.00  
 2 12  61.38340 -23.04140  5.00  8579003 1979.00 37.0000   134.00  
 2 12  61.44720 -23.04180  5.00  8579003 1979.00 36.0000   131.00  
 2 12  61.48140 -22.94650  5.00  8579003 1979.00 35.0000    52.00  
 2 12  61.52180 -22.84090  5.00  8579003 1979.00 34.0000    34.00  
 2 12  61.55360 -22.75370  5.00  8579003 1979.00 33.0000   126.00  
 2 12  61.59620 -22.68730  5.00  8579003 1979.00 31.0000   102.00  
 2 12  61.65160 -22.65970  5.00  8579003 1979.00 30.0000   107.00  
 2 12  61.66830 -22.58850  5.00  2075003 1975.00 266.000  2120.80  
 2 12  61.69330 -22.58090  5.00  8579003 1979.00 29.0000   123.00  
 2 12  61.73250 -22.50570  5.00  8579003 1979.00 28.0000   113.00  
 2 12  61.77090 -22.40740  5.00  8579003 1979.00 27.0000    57.00  
 2 12  61.82260 -22.35690  5.00  8579003 1979.00 26.0000   156.00  
 2 12  61.84730 -22.24890  5.00  8579003 1979.00 25.0000   107.00  
 2 12  61.89190 -22.19230  5.00  8579003 1979.00 23.0000   108.00  
 2 12  61.93580 -22.14190  5.00  8579003 1979.00 21.0000   139.00  
 2 12  61.97220 -22.05420  5.00  8579003 1979.00 20.0000   114.00  
 2 12  61.99660 -22.05480  5.00  2075003 1975.00 263.000   526.40  
 2 12  62.02390 -22.02010  5.00  8579003 1979.00 19.0000   106.00  
 2 12  62.05610 -21.93380  5.00  8579003 1979.00 18.0000   128.00  
 2 12  62.08040 -21.88920  5.00  2174011 1974.00 244.000  1552.25  
 2 12  62.10140 -21.86460  5.00  6076001 1976.00 353.000  2210.00  
 2 12  62.11010 -21.85610  5.00  8579003 1979.00 16.0000   148.00  
 2 12  62.11970 -21.83700  5.00  2174011 1974.00 244.000  1558.77  
 2 12  62.10970 -21.83610  5.00  2174011 1974.00 251.000  1743.83  
 2 12  62.15150 -21.80090  5.00  8579003 1979.00 14.0000   104.00  
 2 12  62.16020 -21.76190  5.00  2174011 1974.00 244.000  1701.28  
 2 12  62.18390 -21.72740  5.00  1166014 1966.00 261.000  1355.00  
 2 12  62.19390 -21.69050  5.00  2174011 1974.00 244.000  1710.42  
 2 12  62.19540 -21.71340  5.00  8579003 1979.00 12.0000   142.00  
 2 12  62.23910 -21.61880  5.00  2174011 1974.00 244.000  1815.98  
 2 12  62.25750 -21.55580  5.00  2075003 1975.00 262.000  1611.40  
 2 12  62.26570 -21.52750  5.00  2174011 1974.00 244.000  1828.82  
 2 12  62.29700 -21.44030  5.00  2174011 1974.00 243.000   941.05  
 2 12  62.33620 -21.35340  5.00  2174011 1974.00 243.000   955.73  
 2 12  62.41810 -21.28960  5.00  2174011 1974.00 251.000  1804.88  
 2 12  62.41890 -21.21160  5.00  2174011 1974.00 243.000  1123.01  
 2 12  62.42730 -21.39500  5.00  2174011 1974.00 243.000  1104.73  
 2 12  62.45920 -21.12560  5.00  2174011 1974.00 243.000  1232.73  
 2 12  62.49770 -21.07160  5.00  2174011 1974.00 243.000  1253.47  
 2 12  62.55510 -21.04630  5.00  6573001 1973.00 26.0000  2257.00  
 2 12  62.50120 -21.14880  5.00  2075003 1975.00 259.000  2349.50  
 2 12  62.54380 -21.00230  5.00  2174011 1974.00 243.000  1403.64  
 2 12  62.58540 -20.94750  5.00  2174011 1974.00 243.000  1426.37  
 2 12  62.62910 -20.88400  5.00  2174011 1974.00 243.000  1535.83  
 2 12  62.66150 -20.89890  5.00  6573001 1973.00 27.0000   101.00  
 2 12  62.67160 -20.80880  5.00  2174011 1974.00 243.000  1555.72  
 2 12  62.80140 -20.59700  5.00  2070009 1970.00 227.000  2155.10
31 12  67.11560 -24.33630  5.00  2173019 1973.00 237.000  1118.02 w
31 12  67.18440 -24.22430  5.00  2173019 1973.00 233.000  1345.87 w
31 12  67.23300 -24.07960  5.00  2173019 1973.00 233.000  1411.62 w
31 12  67.33090 -23.89020  5.00  2173019 1973.00 233.000  1543.62 w
31 12  67.37730 -23.89200  5.00  2173019 1973.00 233.000  1653.72 w
31 12  67.47440 -23.80570  5.00  2173019 1973.00 233.000  1821.98 w
31 12  67.52750 -23.68410  5.00  2173019 1973.00 234.000   856.43 w
31 12  67.68180 -23.38790  5.00  2173019 1973.00 234.000  1139.02 w
31 12  67.86810 -23.21350  5.00  2173019 1973.00 234.000  1449.35 w
31 12  67.91920 -23.22640  5.00  2173019 1973.00 234.000  1502.27 w
 1 13  69.20950 -22.25110  5.00  2173019 1973.00 218.000  1704.15 w
 1 13  69.36530 -21.96040  5.00  2173019 1973.00 219.000  1102.24 w
 1 13  69.67110 -21.58760  5.00  2173019 1973.00 220.000  1148.92 w
 1 13  69.88780 -21.41640  5.00  7579002 1979.00 193.000  1627.76 w
31 12  71.03910 -19.98240  5.00  7579004 1979.00 201.000  1906.97 w
31 12  71.09410 -20.00120  5.00  7579004 1979.00 201.000  1938.18 w
31 12  71.15190 -20.00770  5.00  7579004 1979.00 220.000  1148.18 w
31 12  71.20340 -20.00370  5.00  7579004 1979.00 203.000  1119.24 w
31 12  71.25270 -19.98230  5.00  7579004 1979.00 203.000  1222.29 w
31 12  71.29220 -19.96420  5.00  7579004 1979.00 203.000  1326.96 w
31 12  71.34660 -19.99180  5.00  7579004 1979.00 203.000  1429.16 w
31 12  71.40270 -20.00020  5.00  7579004 1979.00 203.000  1501.09 w
31 12  71.48590 -19.98580  5.00  7579004 1979.00 219.000  1343.34 w
31 12  71.50880 -19.98190  5.00  7579004 1979.00 203.000  1648.37 w
 1 13  69.95980 -21.26310  5.00  7579004 1979.00 197.000  1211.98 w
 1 13  69.98270 -21.23360  5.00  7579002 1979.00 193.000  1533.48 w
 1 13  69.89000 -21.40060  5.00  7579004 1979.00 197.000  1249.36 w out helres
 1 13  69.94330 -21.29670  5.00  7579004 1979.00 194.000  1058.77 w
 1 13  70.00710 -21.17220  5.00  7579004 1979.00 197.000  1340.14 w
 1 13  70.05830 -21.07070  5.00  7579002 1979.00 231.000  1714.50 w
 1 13  70.05950 -21.03380  5.00  7579004 1979.00 197.000  1404.97 w
 1 13  70.11510 -20.94340  5.00  7579004 1979.00 197.000  1503.62 w
 1 13  70.16010 -20.91030  5.00  7579004 1979.00 194.000  1347.28 w
 1 13  70.21680 -20.83380  5.00  7579004 1979.00 194.000  1413.42 w
 1 13  70.26890 -20.75400  5.00  7579004 1979.00 194.000  1458.48 w
 1 13  70.33600 -20.64900  5.00  7579004 1979.00 197.000  1532.80 w
 1 13  70.39670 -20.52960  5.00  7579004 1979.00 196.000  1116.65 w
 1 13  70.44970 -20.47400  5.00  7579004 1979.00 196.000  1145.54 w
 1 13  70.49970 -20.40330  5.00  7579004 1979.00 196.000  1245.05 w
 1 13  70.53330 -20.33830  5.00  1983003 1983.00 284.000  1536.97 w
 1 13  70.55610 -20.32170  5.00  7579004 1979.00 197.000  1558.77 w
 1 13  70.61250 -20.24210  5.00  7579004 1979.00 197.000  1642.16 w
 1 13  70.66760 -20.17250  5.00  7579004 1979.00 202.000  1156.66 w
 1 13  70.72030 -20.10820  5.00  7579004 1979.00 198.000  1329.69 w
 1 13  70.77190 -20.04940  5.00  7579004 1979.00 202.000  1339.75 w
 2 13  67.95940 -13.72000  5.00  2173019 1973.00 247.000   903.43  
 2 13  67.98990 -13.66410  5.00  1172011 1972.00 232.000   618.00
 2 13  68.06300 -13.60450  5.00  2173019 1973.00 247.000  1015.52
 2 13  68.13910 -13.16600  5.00  2173019 1973.00 252.000  1000.55  
 2 13  68.16200 -13.43300  5.00  2173019 1973.00 247.000  1037.98  
31 12  68.01450 -23.04660  5.00  2173019 1973.00 235.000   911.95 w   
31 12  68.06900 -23.23960  5.00  2173019 1973.00 235.000  1029.45 w  
31 12  68.16490 -23.17300  5.00  2173019 1973.00 235.000  1158.39 w
31 12  68.21410 -23.14580  5.00  2173019 1973.00 235.000  1210.36 w
 2 13  68.25750 -13.08020  5.00  1169011 1969.00 207.000  2036.00  
 2 13  68.26660 -13.28300  5.00  2173019 1973.00 247.000  1143.00  
 2 13  68.36960 -12.75730  5.00  2173019 1973.00 247.000  1210.22  
 2 13  68.47120 -12.87050  5.00  2173019 1973.00 247.000  1311.47  
 2 13  68.54030 -12.47130  5.00  2173019 1973.00 247.000  1339.89  
 2 13  68.59090 -12.54800  5.00  2173019 1973.00 247.000  1435.65  
 2 13  68.63980 -12.38430  5.00  2173019 1973.00 248.000   909.97  
 2 13  68.69140 -12.34880  5.00  2173019 1973.00 248.000  1006.44
31 12  68.36430 -23.16000  5.00  2173019 1973.00 235.000  1445.61 w
31 12  68.36760 -23.00150  5.00  2173019 1973.00 237.000  1220.77 w
31 12  68.41500 -23.01990  5.00  2173019 1973.00 235.000  1457.80 w
31 12  68.46190 -22.87010  5.00  2173019 1973.00 235.000  1553.35 w
31 12  68.50790 -22.78740  5.00  2173019 1973.00 236.000   910.65 w
31 12  68.56010 -22.76390  5.00  2173019 1973.00 236.000  1002.25 w
31 12  68.60710 -22.55450  5.00  3179003 1979.00 273.000   620.00 w
 2 13  68.73840 -12.28780  5.00  2173019 1973.00 248.000  1037.48  
32 13  68.79400 -11.68250  5.00  2173019 1973.00 248.000  1129.00  
 2 13  68.88590 -11.91560  5.00  2173019 1973.00 252.000  1054.22  
 2 13  68.89290 -11.87810  5.00  2173019 1973.00 248.000  1302.50  
 2 13  68.94350 -11.75950  5.00  2173019 1973.00 248.000  1339.54  
 2 13  68.99230 -11.71340  5.00  2173019 1973.00 248.000  1429.00
 2 13  69.03760 -11.62730  5.00  1172011 1972.00 231.000  1740.00  
 2 13  69.04470 -11.59450  5.00  2173019 1973.00 248.000  1506.50  
 2 13  69.39380 -11.10240  5.00  2173019 1973.00 249.000  1359.62  
 2 13  69.44370 -11.08630  5.00  2173019 1973.00 249.000  1440.75
 2 13  69.09350 -11.47200  5.00  2173019 1973.00 249.000   942.99  
 2 13  69.13310 -11.39460  5.00  1173016 1973.00 217.000  1040.00  
 2 13  69.14500 -11.37750  5.00  2173019 1973.00 249.000  1028.29  
 2 13  69.19540 -11.35940  5.00  2173019 1973.00 249.000  1108.04  
 2 13  69.24410 -11.27050  5.00  2173019 1973.00 249.000  1152.22  
 2 13  69.29290 -11.23770  5.00  2173019 1973.00 249.000  1234.12  
 2 13  69.34260 -11.17220  5.00  2173019 1973.00 249.000  1316.77
 2 13  69.49270 -11.08580  5.00  2173019 1973.00 249.000  1524.13
 1 14  70.82630 -20.02350  5.00  7579004 1979.00 198.000  1451.93 w
 1 14  70.88120 -20.00340  5.00  7579004 1979.00 201.000  1701.03 w
 1 14  70.93130 -19.98660  5.00  7579004 1979.00 201.000  1747.33 w
 1 14  70.98960 -20.00300  5.00  7579004 1979.00 202.000  1416.26 w
 2 14  69.69260 -10.95860  5.00  2173019 1973.00 251.000  1033.15  
 1 15  71.96800  -9.64800  5.00  1973002 1973.00 149.000  1002.08 w
 1 15  72.02200  -9.16800  5.00  1973002 1973.00 149.000   841.08 w
 1 15  72.04200  -8.63900  5.00  1973002 1973.00 148.000  1549.90 w
 1 15  72.13900  -8.14000  5.00  1973002 1973.00 148.000  1411.70 w
 1 15  72.18000  -7.82500  5.00  1973002 1973.00 148.000  1039.08 w
 1 15  72.25700  -7.42100  5.00  1973002 1973.00 148.000   856.40 w
 1 15  72.30600  -6.98100  5.00  1973002 1973.00 145.000  1619.79 w
 1 15  72.36400  -6.68800  5.00  1973002 1973.00 145.000  1433.80 w
 1 15  72.36710  -6.91120  5.00  1172011 1972.00 247.000   324.00 w
 1 15  72.40160  -6.72950  5.00  1172011 1972.00 247.000   154.00 w
 1 15  72.44700  -6.45600  5.00  1973002 1973.00 145.000  1112.20 w
 1 15  72.61500  -5.37000  5.00  1973002 1973.00 155.000  1502.40 w
 1 15  72.63600  -5.02600  5.00  1973002 1973.00 144.000  1034.90 w
 1 15  72.68300  -4.81300  5.00  1973002 1973.00 143.000  1612.60 w
 2 15  70.51100  -2.22700  5.00  1973002 1973.00 155.000  1128.70  
 2 15  70.58050  -1.76400  5.00  1973002 1973.00 155.000   854.10  
 2 15  70.62900  -1.49200  5.00  1973002 1973.00 152.000   806.00  
 2 15  70.67700  -1.31100  5.00  1973002 1973.00 149.000  1536.30  
32 15  70.68800  -0.24700  5.00  1973002 1973.00 149.000  1244.68  
 2 15  70.77900  -0.25600  5.00  1973002 1973.00 149.000  1052.58  
 2 15  70.83000   0.06000  5.00  1973002 1973.00 149.000   757.50  
 2 15  70.88700   0.30100  5.00  1973002 1973.00 148.000  1638.90  
 2 15  70.92300   0.69400  5.00  1973002 1973.00 148.000  1325.00  
 2 15  71.00900   1.67500  5.00  1973002 1973.00 148.000   811.00  
 2 15  71.01300   2.11500  5.00  1973002 1973.00 145.000  1706.50  
 2 15  71.07860   1.84940  5.00  1170015 1970.00 211.000  2133.00  
 2 15  71.08100   2.55100  5.00  1973002 1973.00 145.000  1346.18  
 2 15  71.16200   2.86100  5.00  1973002 1973.00 145.000  1157.40  
 2 15  71.17300   3.05370  5.00  1170015 1970.00 211.000  1527.00  
 2 15  71.18120   2.96876  5.00  1183004 1983.00 253.000   210.00  
 2 15  71.24900   2.98600  5.00  1973002 1973.00 145.000   834.68  
 2 15  71.28200   3.88700  5.00  1973002 1973.00 155.000  1549.50  
 2 15  71.36800   4.34800  5.00  1973002 1973.00 143.000  1655.58  
 2 15  71.43900   4.51500  5.00  1973002 1973.00 143.000  1327.79  
 1 16  72.79850  -3.98750  5.00  1973002 1973.00 143.000  1058.32 w
 1 16  72.80100  -4.90500  5.00  1973002 1973.00 143.000  1414.20 w
 2 16  71.44110   4.47420  5.00  1166014 1966.00 273.000  1255.00  
 2 16  71.52900   4.58700  5.00  1973002 1973.00 143.000  1139.50  
31 16  72.80440  -4.70810  5.00  1169013 1969.00 245.000  2006.00 w
 1 17  72.84700  -3.80100  5.00  1973002 1973.00 143.000   847.80 w
 1 17  72.85170  -3.89920  5.00  2072004 1972.00 267.000   324.70 w
 1 17  72.90800  -3.26600  5.00  1973002 1973.00 142.000   658.30 w
 1 17  72.98500  -3.24400  5.00  1973002 1973.00 131.000  1733.08 w
 1 17  73.00300  -2.69700  5.00  1973002 1973.00 131.000  1548.40 w
 1 17  73.06220  -2.30130  5.00  1166014 1966.00 272.000  1350.00 w
32 17  73.06520   9.79770  5.00  1170016 1970.00 241.000  1218.00 outlyer
 1 17  73.07400  -2.34900  5.00  1973002 1973.00 131.000  1229.28 w
 1 17  73.13700  -1.97000  5.00  1973002 1973.00 131.000  1035.40 w
 1 17  73.20200  -1.59100  5.00  1973002 1973.00 129.000  1606.38 w
 1 17  73.24880  -1.48970  5.00  1183004 1983.00 253.000  1916.00 w
 1 17  73.29400  -1.51300  5.00  1973002 1973.00 129.000  1304.68 w
 1 17  73.31800  -0.93900  5.00  1973002 1973.00 129.000  1828.58 w
 1 17  73.38570  -0.38660  5.00  1170015 1970.00 209.000  2206.00 w
 1 17  73.41600  -0.73800  5.00  1973002 1973.00 129.000  1040.30 w
 1 17  73.44600  -0.24600  5.00  1973002 1973.00 127.000  2221.40 w
 1 17  73.51600   0.19530  5.00  1172011 1972.00 245.000  2148.00 w
 1 17  73.52300   0.06200  5.00  1973002 1973.00 127.000  1949.68 w
 1 17  73.58600   0.41900  5.00  1973002 1973.00 125.000  1648.58 w
 1 17  73.61100   0.85100  5.00  1973002 1973.00 125.000  1404.00 w
 1 17  73.66900   1.18900  5.00  1973002 1973.00 125.000  1152.68 w
 1 17  73.73300   1.45500  5.00  1973002 1973.00 125.000   904.50 w
 1 17  73.73450   1.74360  5.00  1169011 1969.00 216.000   736.00 w
 1 17  73.78600   1.86200  5.00  1973002 1973.00 123.000  1608.00 w
 1 17  73.78610   2.02710  5.00  1172011 1972.00 245.000  1330.00 w
32 17  71.55200   4.58700  5.00  1973002 1973.00 143.000   803.40 out
 2 17  71.60000   5.62200  5.00  1973002 1973.00 142.000   740.18  
 2 17  71.60500   5.77700  5.00  1973002 1973.00 131.000  1822.50  
 2 17  71.69600   6.17000  5.00  1973002 1973.00 131.000  1508.38  
 2 17  71.76500   6.62900  5.00  1973002 1973.00 131.000  1320.40  
 2 17  71.84200   6.74700  5.00  1973002 1973.00 131.000   956.18  
 2 17  71.90500   7.61100  5.00  1973002 1973.00 129.000  1522.70  
 2 17  71.92200   7.17400  5.00  1973002 1973.00 129.000  1349.40  
 2 17  71.96100   7.77700  5.00  1973002 1973.00 129.000  1915.10  
 2 17  72.05200   8.10000  5.00  1973002 1973.00 129.000   959.08  
 2 17  72.08260   9.10330  5.00  1170016 1970.00 242.000  1218.00  
 2 17  72.09900   9.06800  5.00  1973002 1973.00 127.000  1904.38  
32 17  72.13600   8.10600  5.00  1973002 1973.00 127.000  2302.18 out
 2 17  72.22800   9.48300  5.00  1973002 1973.00 125.000  1319.28  
 2 17  72.31500   9.70200  5.00  1973002 1973.00 125.000  1234.40  
 2 17  72.34900  10.16700  5.00  1973002 1973.00 125.000   820.00  
 2 17  72.36120  10.45091  5.00  7069001 1969.00 50.0000  1059.63  
 2 17  72.36870  10.59090  5.00  7069001 1969.00 49.0000  1240.35  
 2 17  72.37000  10.45800  5.00  1973002 1973.00 123.000  1646.58  
 2 17  72.42540  10.56573  5.00  7069001 1969.00 48.0000  1716.22  
 2 17  72.42900  10.83000  5.00  1973002 1973.00 123.000  1226.90  
 2 17  72.43920  10.68860  5.00  7069001 1969.00 48.0000   957.84  
32 17  72.44160  10.01451  5.00  7069001 1969.00 50.0000  1531.27  
 2 17  72.45420  10.80060  5.00  7069001 1969.00 47.0000  1137.38  
 2 17  72.47610  10.88180  5.00  7069001 1969.00 46.0000  1434.91  
 1 18  73.80300   2.33100  5.00  1973002 1973.00 123.000  1314.10 w
 1 18  73.88000   2.47500  5.00  1973002 1973.00 123.000  1117.00 w
 1 18  73.94300   2.79400  5.00  1973002 1973.00 123.000   822.28 w
 2 18  72.50800  11.12200  5.00  1973002 1973.00 123.000  1154.90  
 2 18  72.52000  11.05980  5.00  7069001 1969.00 45.0000   945.57  
32 17  72.52350  10.89510  5.00  7069001 1969.00 45.0000  1616.02  
 2 18  72.54200  11.38300  5.00  1973002 1973.00 123.000   736.40  
32 12  72.54330  11.15980  5.00  7069001 1969.00 44.0000  1120.54 out
32 17  72.55500  11.83900  5.00  1973002 1973.00 120.000  1854.50  
 2 18  72.56370  11.24380  5.00  7069001 1969.00 43.0000  1358.45  
 2 18  72.56650  11.61930  5.00  1173016 1973.00 231.000  1336.00  
 2 18  72.59750  11.31540  5.00  7069001 1969.00 42.0000  1531.13  
 2 18  72.63060  11.53330  5.00  7069001 1969.00 41.0000  1130.43  
 2 18  72.65220  11.63930  5.00  7069001 1969.00 40.0000  1549.32  
 2 18  72.66330  11.76190  5.00  7069001 1969.00 40.0000     9.32  
 1 19  74.28000   4.18000  5.00  1973002 1973.00 119.000  1602.00 w
 1 19  74.34350   4.41300  5.00  1973002 1973.00 119.000  1255.02 w
 1 19  74.43500   4.51300  5.00  1973002 1973.00 119.000  1126.20 w
 1 19  74.47290   4.53160  5.00  1166014 1966.00 267.000  1400.00 w
 1 19  74.52900   4.69400  5.00  1973002 1973.00 119.000   822.70 w
 1 19  74.58700   5.02000  5.00  1972001 1972.00 248.000  1302.90 w
 1 19  74.62800   4.74200  5.00  1972001 1972.00 248.000  1301.70 w
 1 19  74.65000   5.23900  5.00  1972001 1972.00 248.000   959.08 w
 2 19  72.66860  11.90710  5.00  7069001 1969.00 39.0000  1133.54  
 2 19  72.73240  12.21100  5.00  7069001 1969.00 37.0000  1154.83  
 2 19  72.73480  11.83890  5.00  7069001 1969.00 38.0000  1301.98  
 2 19  72.75700  12.28360  5.00  7069001 1969.00 36.0000  1452.25  
 2 19  72.86780  12.54450  5.00  1173016 1973.00 231.000  1040.00  
 2 19  72.99600  12.98000  5.00  1973002 1973.00 119.000  1212.20  
31 -1  74.72500   4.72700  5.00  1972001 1972.00 248.000  1001.58 w
31 -1  74.86800   4.47600  5.00  1972001 1972.00 247.000  1423.79 w
31 -1  74.96000   4.60500  5.00  1972001 1972.00 247.000  1251.50 w
31 -1  75.09000   4.43200  5.00  1972001 1972.00 247.000  1011.10 w
31  7  75.93800   1.43200  5.00  1972001 1972.00 245.000  1312.60 w
31  7  76.00700   1.67900  5.00  1972001 1972.00 245.000  1130.40 w
31  7  76.13600   2.32300  5.00  1972001 1972.00 244.000  1403.50 w
 1 20  76.23200   2.36300  5.00  1972001 1972.00 244.000  1158.68 w
 2 20  75.83800  12.05300  5.00  1972001 1972.00 234.000  1304.30  
 2 20  75.95200  12.03700  5.00  1972001 1972.00 234.000  1249.58  
 2 20  76.14600  12.19100  5.00  1972001 1972.00 233.000  1907.10  
31  7  76.21300   3.31300  5.00  1972001 1972.00 244.000  1027.90 w
31  7  76.32900   3.23000  5.00  1972001 1972.00 239.000  1614.10 w
31 -1  76.77100   1.53500  5.00  1972001 1972.00 239.000  1251.50 w
31 -1  76.89000   1.32600  5.00  1972001 1972.00 238.000  1619.28 w
31 -1  77.25800   1.73100  5.00  1972001 1972.00 234.000  1536.80 w
31 -1  77.31000   2.10700  5.00  1972001 1972.00 234.000  1340.68 w
31 -1  77.39700   2.29500  5.00  1972001 1972.00 234.000  1210.00 w
31 -1  77.47200   2.51800  5.00  1972001 1972.00 234.000  1023.20 w
31 -1  77.56800   2.54600  5.00  1972001 1972.00 236.000  1447.68 w
 1 21  83.57900 -14.28490  5.00  1974003 1974.0 28.0000  1104.90  
 1 21  83.64580 -14.06760  5.00  1974003 1974.0 28.0000  1152.92  
 1 21  83.70930 -13.81970  5.00  1974003 1974.0 28.0000  1334.12  
 1 21  83.77150 -13.50770  5.00  1974003 1974.0 28.0000  1426.60  
 1 21  83.82640 -13.11410  5.00  1974003 1974.0 29.0000  1117.22  
31 21  83.88780 -12.70170  5.00  1974003 1974.0 29.0000  1159.10  
31 21  83.95020 -12.38810  5.00  1974003 1974.0 29.0000  1431.28  
 1 21  84.02910 -12.33270  5.00  1974003 1974.0 31.0000  1114.30  
32 21  82.58640  -0.15350  5.00  1974003 1974.0 25.0000  1442.32  
 2 21  82.59370   1.85400  5.00  1974003 1974.0 28.0000  1228.80  
 2 21  82.64960   2.22100  5.00  1974003 1974.0 28.0000  1304.60  
 2 21  82.72150   2.33040  5.00  1974003 1974.0 28.0000  1502.40  
 2 21  82.72820   3.25840  5.00  1974003 1974.0 29.0000  1046.80  
 1 22  84.09930 -12.21620  5.00  1974003 1974.0 31.0000  1153.80  
 1 22  84.16620 -12.07770  5.00  1974003 1974.0 31.0000  1352.18  
 1 22  84.22400 -11.56570  5.00  1974003 1974.0 31.0000  1436.43  
 1 22  84.27950 -11.26910  5.00  1974003 1974.0 32.0000  1116.60  
 1 22  84.34340 -10.84990  5.00  1974003 1974.0 32.0000  1151.92  
 1 22  84.39140 -10.43090  5.00  1974003 1974.0 32.0000  1341.82  
 1 22  84.44670  -9.86370  5.00  1974003 1974.0 32.0000  1421.00  
 1 22  84.49750  -9.45450  5.00  1974003 1974.0 34.0000  1149.10  
 1 22  84.56050  -9.12020  5.00  1974003 1974.0 34.0000  1221.50  
 1 22  84.62210  -8.82730  5.00  1974003 1974.0 34.0000  1409.52  
 1 22  84.66780  -8.22580  5.00  1974003 1974.0 34.0000  1448.32  
 1 22  84.72760  -7.94760  5.00  1974003 1974.0 37.0000  1110.10  
 1 22  84.78680  -7.49580  5.00  1974003 1974.0 37.0000  1145.40  
 1 22  84.84160  -7.14510  5.00  1974003 1974.0 37.0000  1338.70  
 1 22  84.90350  -6.91400  5.00  1974003 1974.0 37.0000  1416.00  
 1 22  84.96100  -6.53910  5.00  1974003 1974.0 37.0000  1610.12  
 1 22  85.02240  -6.18580  5.00  1974003 1974.0 38.0000  1226.32  
 1 22  85.06630  -5.57030  5.00  1974003 1974.0 38.0000  1258.18  
 1 22  85.09810  -4.79900  5.00  1974003 1974.0 38.0000  1450.08  
32 21  82.44340  -0.47800  5.00  1974003 1974.0 25.0000  1213.28  
32 21  82.49830  -0.19230  5.00  1974003 1974.0 25.0000  1304.62  
32 21  82.53780   1.45150  5.00  1974003 1974.0 28.0000  1036.42  
32 21  82.57980   0.97230  5.00  1974003 1974.0 28.0000  1037.40  
32 21  83.30510  11.76540  5.00  1974003 1974.0 37.0000  1228.20  
 2 22  82.80770   3.34180  5.00  1974003 1974.0 29.0000  1236.53  
 2 22  82.83830   3.94210  5.00  1974003 1974.0 29.0000  1400.22  
 2 22  82.89640   3.26990  5.00  1974003 1974.0 29.0000  1401.70  
 2 22  82.94700   3.68260  5.00  1974003 1974.0 31.0000  1046.50  
 2 22  82.95400   4.62180  5.00  1974003 1974.0 31.0000  1232.08  
 2 22  83.05780   4.47070  5.00  1974003 1974.0 31.0000  1320.50  
 2 22  83.10610   5.72960  5.00  1974003 1974.0 32.0000  1046.92  
 2 22  83.15690   6.13870  5.00  1974003 1974.0 32.0000  1226.53  
 2 22  83.22150   6.35690  5.00  1974003 1974.0 32.0000  1312.22  
 2 22  83.27060   6.83070  5.00  1974003 1974.0 32.0000  1455.68  
 2 22  83.32290   7.19090  5.00  1974003 1974.0 34.0000  1118.53  
 2 22  83.36570   7.66160  5.00  1974003 1974.0 34.0000  1253.58  
 2 22  83.40970   8.99470  5.00  1974003 1974.0 34.0000  1523.32  
 2 22  83.41030   8.09120  5.00  1974003 1974.0 34.0000  1338.18  
 2 22  83.47970   9.22100  5.00  1974003 1974.0 37.0000  1036.22  
32 22  83.56700  11.88780  5.00  1974003 1974.0 37.0000  1532.08 out
 2 22  83.58810   9.90430  5.00  1974003 1974.0 37.0000  1304.60  
 2 22  83.60020  10.66630  5.00  1974003 1974.0 37.0000  1453.90  
 2 22  83.73700  11.07540  5.00  1974003 1974.0 38.0000  1152.08  
 2 22  83.77630  11.57290  5.00  1974003 1974.0 38.0000  1333.68  
 2 22  83.82440  11.96980  5.00  1974003 1974.0 38.0000  1415.30  
 1 23  85.15300  -4.41600  5.00  1974003 1974.0 38.0000  1528.20  
 1 23  85.20970  -4.06410  5.00  1974003 1974.0 38.0000  1706.22  
 1 23  85.27270  -3.79230  5.00  1974003 1974.0 38.0000  1745.33  
 1 23  85.33030  -3.54580  5.00  1974003 1974.0 41.0000  1108.10  
 1 23  85.37460  -2.92770  5.00  1974003 1974.0 41.0000  1147.60  
 1 23  85.39910  -2.03730  5.00  1974003 1974.0 41.0000  1335.60  
 1 23  85.47840  -2.09280  5.00  1974003 1974.0 41.0000  1417.62  
 1 23  85.54430  -1.83820  5.00  1974003 1974.0 45.0000  1049.52  
 1 23  85.63680  -0.85020  5.00  1974003 1974.0 45.0000  1350.22  
 1 23  85.81620   0.45170  5.00  1975005 1975.0 215.000  1838.90  
 1 23  85.90770   0.75430  5.00  1975005 1975.0 215.000  1620.62  
 1 23  85.96020   1.74190  5.00  1975005 1975.0 214.000  1918.33  
 1 23  86.04200   2.27110  5.00  1975005 1975.0 214.000  1656.82  
31 22  86.13360   2.48000  5.00  1975005 1975.0 213.000  1858.00  
31 22  86.20300   3.20960  5.00  1975005 1975.0 213.000  1631.82  
 1 23  86.26890   6.05590  5.00  1975005 1975.0 211.000  1619.12  
 1 23  86.35280   7.67080  5.00  1975005 1975.0 305.000  2138.41  
 2 23  83.87500  12.35880  5.00  1974003 1974.0 38.0000  1603.90  
 2 23  83.92830  12.68930  5.00  1974003 1974.0 38.0000  1632.00  
 2 23  83.99470  12.90210  5.00  1974003 1974.0 38.0000  1820.78  
 2 23  84.01040  15.27850  5.00  1974003 1974.0 41.0000  1305.40  
 2 23  84.01360  13.56530  5.00  1974003 1974.0 41.0000  1038.43  
 2 23  84.01370  14.42570  5.00  1974003 1974.0 41.0000  1221.40  
 2 23  84.05380  15.71130  5.00  1974003 1974.0 41.0000  1453.92  
 2 23  84.10720  16.01890  5.00  1974003 1974.0 45.0000  1020.30  
 2 23  84.21110  16.66740  5.00  1974003 1974.0 45.0000  1321.20  
 2 23  84.24440  15.61060  5.00  1974003 1974.0 45.0000  1242.90  
 2 23  84.38360  17.57260  5.00  1975005 1975.0 215.000  1808.50  
 2 23  84.43740  18.24010  5.00  1975005 1975.0 215.000  1649.40  
 2 23  84.47260  20.19780  5.00  1975005 1975.0 214.000  1727.00  
 2 23  84.50820  18.76480  5.00  1975005 1975.0 214.000  1848.32  
 2 23  84.52790  20.84210  5.00  1975005 1975.0 213.000  1823.02  
 2 23  84.59690  21.45340  5.00  1975005 1975.0 213.000  1659.70  
 2 23  84.75490  22.49920  5.00  1975005 1975.0 211.000  1644.82  
 2 23  84.77600  24.10430  5.00  1975005 1975.0 305.000  2108.20  
 2 23  84.90670  25.24330  5.00  1975005 1975.0 305.000  1927.59  
32 22  84.90720  29.41090  5.00  1975005 1975.0 304.000  1538.70  
 1 24  86.41260  10.63720  5.00  1975005 1975.0 305.000  1900.09  
 1 24  86.59100  11.23300  5.00  1975005 1975.0 304.000  1748.80  
 1 24  86.65430  14.35180  5.00  1975005 1975.0 304.000  1507.00  
 1 24  86.72470  16.43770  5.00  1975005 1975.0 302.000  1741.80  
 1 24  86.74560  19.80920  5.00  1975005 1975.0 302.000  1503.59  
 1 24  86.83010  22.15160  5.00  1975005 1975.0 301.000  1803.80  
 1 24  86.86380  24.95300  5.00  1975005 1975.0 301.000  1535.50  
 1 24  86.91120  26.88600  5.00  1975005 1975.0 300.000  1815.70  
 2 24  84.92570  26.90510  5.00  1975005 1975.0 304.000  1719.00  
 2 24  84.99340  30.68340  5.00  1975005 1975.0 302.000  1709.91  
 2 24  85.06950  32.29910  5.00  1975005 1975.0 302.000  1530.59  
 2 24  85.13010  33.98320  5.00  1975005 1975.0 301.000  1735.59  
 2 24  85.15020  36.85820  5.00  1975005 1975.0 300.000  1746.09  
 2 24  85.20900  35.54690  5.00  1975005 1975.0 301.000  1602.70  
 1 25  87.01750  30.08410  5.00  1975005 1975.0 300.000  1551.31  
 1 25  87.17210  33.51280  5.00  1975005 1975.0 206.000  1913.70  
 2 25  85.32940  38.96950  5.00  1975005 1975.0 300.000  1617.59  
 1 26  87.24420  34.80520  5.00  1975005 1975.0 206.000  1704.80  
 1 26  87.28680  36.30280  5.00  1975005 1975.0 205.000  1937.50  
 1 26  87.31240  37.90340  5.00  1975005 1975.0 205.000  1727.10  
 1 26  87.39520  39.26800  5.00  1975005 1975.0 203.000  1919.00  
 1 26  87.40780  41.22570  5.00  1975005 1975.0 203.000  1712.92  
 1 26  87.47210  42.70570  5.00  1975005 1975.0 200.000  1939.60  
 1 26  87.50630  44.55870  5.00  1975005 1975.0 200.000  1729.82  
 1 26  87.56960  46.17210  5.00  1975005 1975.0 199.000  2003.82  
 1 26  87.61670  48.21240  5.00  1975005 1975.0 199.000  1748.80  
 2 26  85.48060  41.66210  5.00  1975005 1975.0 206.000  1849.50  
 2 26  85.50590  42.66420  5.00  1975005 1975.0 206.000  1730.52  
 2 26  85.51050  43.80420  5.00  1975005 1975.0 205.000  1912.22  
 2 26  85.51930  44.83940  5.00  1975005 1975.0 205.000  1754.62  
 2 26  85.66260  45.66350  5.00  1975005 1975.0 203.000  1856.52  
 2 26  85.68360  46.71030  5.00  1975005 1975.0 203.000  1739.72  
 2 26  85.71760  47.77750  5.00  1975005 1975.0 200.000  1912.32  
 2 26  85.74660  49.86170  5.00  1975005 1975.0 199.000  1935.70  
 2 26  85.76370  48.69560  5.00  1975005 1975.0 200.000  1754.12  
 2 26  85.78730  50.99420  5.00  1975005 1975.0 199.000  1816.10  
32 24  85.91670  61.42830  5.00  1983004 1983.0 302.000  1808.00  
