 310   1
   0.37807487E+02 -0.35365751E+00
   0.37828682E+02 -0.34461418E+00
   0.37849209E+02 -0.33409518E+00
   0.37868980E+02 -0.32217193E+00
   0.37887920E+02 -0.30893576E+00
   0.37905975E+02 -0.29449072E+00
   0.37923111E+02 -0.27894813E+00
   0.37939308E+02 -0.26242095E+00
   0.37954559E+02 -0.24501993E+00
   0.37968891E+02 -0.22684899E+00
   0.37982311E+02 -0.20800482E+00
   0.37994850E+02 -0.18857394E+00
   0.38006546E+02 -0.16863424E+00
   0.38017433E+02 -0.14825408E+00
   0.38027546E+02 -0.12749387E+00
   0.38036922E+02 -0.10640562E+00
   0.38045601E+02 -0.85034765E-01
   0.38053619E+02 -0.63420974E-01
   0.38061005E+02 -0.41598540E-01
   0.38067791E+02 -0.19596593E-01
   0.38074009E+02  0.25588139E-02
   0.38079685E+02  0.24845382E-01
   0.38084850E+02  0.47243696E-01
   0.38089527E+02  0.69736995E-01
   0.38093735E+02  0.92309818E-01
   0.38097492E+02  0.11494982E+00
   0.38100830E+02  0.13764527E+00
   0.38103756E+02  0.16038613E+00
   0.38106289E+02  0.18316358E+00
   0.38108452E+02  0.20596983E+00
   0.38110252E+02  0.22879775E+00
   0.38111702E+02  0.25164121E+00
   0.38112823E+02  0.27449453E+00
   0.38113621E+02  0.29735315E+00
   0.38114109E+02  0.32021236E+00
   0.38114292E+02  0.34306833E+00
   0.38114182E+02  0.36591733E+00
   0.38113800E+02  0.38875639E+00
   0.38113132E+02  0.41158259E+00
   0.38112209E+02  0.43439317E+00
   0.38111023E+02  0.45718595E+00
   0.38109589E+02  0.47995877E+00
   0.38107910E+02  0.50270987E+00
   0.38105991E+02  0.52543724E+00
   0.38103840E+02  0.54813939E+00
   0.38101463E+02  0.57081497E+00
   0.38098866E+02  0.59346271E+00
   0.38096050E+02  0.61608142E+00
   0.38093021E+02  0.63867015E+00
   0.38089787E+02  0.66122788E+00
   0.38086342E+02  0.68375373E+00
   0.38082699E+02  0.70624709E+00
   0.38078865E+02  0.72870731E+00
   0.38074829E+02  0.75113368E+00
   0.38070610E+02  0.77352589E+00
   0.38066196E+02  0.79588342E+00
   0.38061600E+02  0.81820571E+00
   0.38056828E+02  0.84049267E+00
   0.38051868E+02  0.86274397E+00
   0.38046730E+02  0.88495928E+00
   0.38041412E+02  0.90713865E+00
   0.38035931E+02  0.92928171E+00
   0.38030266E+02  0.95138824E+00
   0.38024437E+02  0.97345829E+00
   0.38018433E+02  0.99549174E+00
   0.38012268E+02  0.10174885E+01
   0.38005932E+02  0.10394481E+01
   0.37999424E+02  0.10613710E+01
   0.37992756E+02  0.10832564E+01
   0.37985920E+02  0.11051044E+01
   0.37978920E+02  0.11269147E+01
   0.37971756E+02  0.11486870E+01
   0.37964432E+02  0.11704206E+01
   0.37956940E+02  0.11921153E+01
   0.37949291E+02  0.12137705E+01
   0.37941479E+02  0.12353853E+01
   0.37933502E+02  0.12569591E+01
   0.37925365E+02  0.12784905E+01
   0.37917068E+02  0.12999791E+01
   0.37908604E+02  0.13214231E+01
   0.37899982E+02  0.13428215E+01
   0.37891193E+02  0.13641725E+01
   0.37882248E+02  0.13854748E+01
   0.37873142E+02  0.14067264E+01
   0.37863865E+02  0.14279256E+01
   0.37854439E+02  0.14490702E+01
   0.37844841E+02  0.14701582E+01
   0.37835083E+02  0.14911871E+01
   0.37825165E+02  0.15121549E+01
   0.37815079E+02  0.15330590E+01
   0.37804829E+02  0.15538965E+01
   0.37794422E+02  0.15746651E+01
   0.37783840E+02  0.15953622E+01
   0.37773102E+02  0.16159843E+01
   0.37762196E+02  0.16365292E+01
   0.37751125E+02  0.16569935E+01
   0.37739887E+02  0.16773742E+01
   0.37728481E+02  0.16976683E+01
   0.37716908E+02  0.17178724E+01
   0.37705166E+02  0.17379830E+01
   0.37693256E+02  0.17579970E+01
   0.37681168E+02  0.17779109E+01
   0.37668915E+02  0.17977211E+01
   0.37656487E+02  0.18174235E+01
   0.37643879E+02  0.18370146E+01
   0.37631100E+02  0.18564901E+01
   0.37618141E+02  0.18758461E+01
   0.37605003E+02  0.18950779E+01
   0.37591679E+02  0.19141816E+01
   0.37578175E+02  0.19331516E+01
   0.37564484E+02  0.19519837E+01
   0.37550602E+02  0.19706721E+01
   0.37536533E+02  0.19892119E+01
   0.37522266E+02  0.20075967E+01
   0.37507809E+02  0.20258205E+01
   0.37493145E+02  0.20438771E+01
   0.37478283E+02  0.20617592E+01
   0.37463215E+02  0.20794597E+01
   0.37447937E+02  0.20969708E+01
   0.37432446E+02  0.21142840E+01
   0.37416737E+02  0.21313903E+01
   0.37400806E+02  0.21482799E+01
   0.37384655E+02  0.21649425E+01
   0.37368267E+02  0.21813674E+01
   0.37351650E+02  0.21975417E+01
   0.37334793E+02  0.22134533E+01
   0.37317692E+02  0.22290874E+01
   0.37300343E+02  0.22444286E+01
   0.37282734E+02  0.22594612E+01
   0.37264870E+02  0.22741666E+01
   0.37246738E+02  0.22885244E+01
   0.37228333E+02  0.23025141E+01
   0.37209652E+02  0.23161116E+01
   0.37190693E+02  0.23292911E+01
   0.37171444E+02  0.23420238E+01
   0.37151905E+02  0.23542795E+01
   0.37132069E+02  0.23660228E+01
   0.37111935E+02  0.23772171E+01
   0.37091496E+02  0.23878205E+01
   0.37070751E+02  0.23977873E+01
   0.37049713E+02  0.24070680E+01
   0.37028374E+02  0.24156077E+01
   0.37006744E+02  0.24233470E+01
   0.36984844E+02  0.24302208E+01
   0.36962673E+02  0.24361589E+01
   0.36940269E+02  0.24410880E+01
   0.36917664E+02  0.24449291E+01
   0.36894890E+02  0.24476013E+01
   0.36872005E+02  0.24490244E+01
   0.36849079E+02  0.24491189E+01
   0.36826172E+02  0.24478111E+01
   0.36803391E+02  0.24450386E+01
   0.36780823E+02  0.24407539E+01
   0.36758583E+02  0.24349279E+01
   0.36736786E+02  0.24275556E+01
   0.36715538E+02  0.24186573E+01
   0.36694942E+02  0.24082787E+01
   0.36675091E+02  0.23964899E+01
   0.36656067E+02  0.23833792E+01
   0.36637924E+02  0.23690498E+01
   0.36620697E+02  0.23536122E+01
   0.36604404E+02  0.23371789E+01
   0.36589054E+02  0.23198612E+01
   0.36574635E+02  0.23017628E+01
   0.36561127E+02  0.22829821E+01
   0.36548500E+02  0.22636065E+01
   0.36536724E+02  0.22437141E+01
   0.36525757E+02  0.22233746E+01
   0.36515572E+02  0.22026494E+01
   0.36506126E+02  0.21815903E+01
   0.36497383E+02  0.21602449E+01
   0.36489304E+02  0.21386526E+01
   0.36481865E+02  0.21168478E+01
   0.36475025E+02  0.20948610E+01
   0.36468758E+02  0.20727181E+01
   0.36463032E+02  0.20504420E+01
   0.36457825E+02  0.20280523E+01
   0.36453110E+02  0.20055666E+01
   0.36448864E+02  0.19829996E+01
   0.36445068E+02  0.19603639E+01
   0.36441700E+02  0.19376724E+01
   0.36438740E+02  0.19149346E+01
   0.36436176E+02  0.18921593E+01
   0.36433987E+02  0.18693546E+01
   0.36432163E+02  0.18465279E+01
   0.36430683E+02  0.18236851E+01
   0.36429543E+02  0.18008317E+01
   0.36428726E+02  0.17779731E+01
   0.36428226E+02  0.17551135E+01
   0.36428017E+02  0.17322569E+01
   0.36428104E+02  0.17094069E+01
   0.36428482E+02  0.16865667E+01
   0.36429127E+02  0.16637394E+01
   0.36430038E+02  0.16409276E+01
   0.36431210E+02  0.16181333E+01
   0.36432632E+02  0.15953592E+01
   0.36434299E+02  0.15726068E+01
   0.36436207E+02  0.15498779E+01
   0.36438347E+02  0.15271742E+01
   0.36440712E+02  0.15044969E+01
   0.36443298E+02  0.14818478E+01
   0.36446106E+02  0.14592276E+01
   0.36449127E+02  0.14366375E+01
   0.36452354E+02  0.14140782E+01
   0.36455788E+02  0.13915509E+01
   0.36459423E+02  0.13690560E+01
   0.36463253E+02  0.13465946E+01
   0.36467278E+02  0.13241667E+01
   0.36471493E+02  0.13017731E+01
   0.36475895E+02  0.12794145E+01
   0.36480484E+02  0.12570910E+01
   0.36485252E+02  0.12348030E+01
   0.36490204E+02  0.12125505E+01
   0.36495335E+02  0.11903343E+01
   0.36500641E+02  0.11681539E+01
   0.36506119E+02  0.11460099E+01
   0.36511776E+02  0.11239026E+01
   0.36517601E+02  0.11018316E+01
   0.36523594E+02  0.10797974E+01
   0.36529755E+02  0.10577999E+01
   0.36536091E+02  0.10358392E+01
   0.36542583E+02  0.10139158E+01
   0.36549248E+02  0.99202937E+00
   0.36556076E+02  0.97018051E+00
   0.36563068E+02  0.94836938E+00
   0.36570225E+02  0.92659605E+00
   0.36577541E+02  0.90486151E+00
   0.36585018E+02  0.88316584E+00
   0.36592667E+02  0.86150968E+00
   0.36600468E+02  0.83989376E+00
   0.36608440E+02  0.81831896E+00
   0.36616566E+02  0.79678583E+00
   0.36624859E+02  0.77529597E+00
   0.36633308E+02  0.75385034E+00
   0.36641922E+02  0.73245007E+00
   0.36650700E+02  0.71109688E+00
   0.36659634E+02  0.68979239E+00
   0.36668732E+02  0.66853821E+00
   0.36677994E+02  0.64733636E+00
   0.36687416E+02  0.62618887E+00
   0.36696999E+02  0.60509771E+00
   0.36706745E+02  0.58406502E+00
   0.36716656E+02  0.56309336E+00
   0.36726730E+02  0.54218501E+00
   0.36736965E+02  0.52134269E+00
   0.36747364E+02  0.50056899E+00
   0.36757927E+02  0.47986671E+00
   0.36768654E+02  0.45923859E+00
   0.36779545E+02  0.43868741E+00
   0.36790600E+02  0.41821626E+00
   0.36801826E+02  0.39782861E+00
   0.36813217E+02  0.37752700E+00
   0.36824772E+02  0.35731488E+00
   0.36836498E+02  0.33719543E+00
   0.36848400E+02  0.31717250E+00
   0.36860462E+02  0.29724905E+00
   0.36872704E+02  0.27742890E+00
   0.36885117E+02  0.25771585E+00
   0.36897705E+02  0.23811354E+00
   0.36910465E+02  0.21862607E+00
   0.36923409E+02  0.19925769E+00
   0.36936527E+02  0.18001264E+00
   0.36949829E+02  0.16089529E+00
   0.36963318E+02  0.14191099E+00
   0.36976986E+02  0.12306380E+00
   0.36990849E+02  0.10435978E+00
   0.37004894E+02  0.85803531E-01
   0.37019135E+02  0.67401089E-01
   0.37033573E+02  0.49158689E-01
   0.37048214E+02  0.31082969E-01
   0.37063053E+02  0.13180724E-01
   0.37078098E+02 -0.45408579E-02
   0.37093353E+02 -0.22074094E-01
   0.37108818E+02 -0.39410599E-01
   0.37124500E+02 -0.56540977E-01
   0.37140408E+02 -0.73456131E-01
   0.37156532E+02 -0.90145804E-01
   0.37172890E+02 -0.10659876E+00
   0.37189480E+02 -0.12280277E+00
   0.37206310E+02 -0.13874528E+00
   0.37223381E+02 -0.15441214E+00
   0.37240704E+02 -0.16978809E+00
   0.37258282E+02 -0.18485707E+00
   0.37276115E+02 -0.19960035E+00
   0.37294216E+02 -0.21399902E+00
   0.37312588E+02 -0.22803141E+00
   0.37331234E+02 -0.24167386E+00
   0.37350166E+02 -0.25490099E+00
   0.37369377E+02 -0.26768422E+00
   0.37388889E+02 -0.27999294E+00
   0.37408691E+02 -0.29179332E+00
   0.37428795E+02 -0.30304724E+00
   0.37449203E+02 -0.31371418E+00
   0.37469910E+02 -0.32374880E+00
   0.37490921E+02 -0.33310127E+00
   0.37512230E+02 -0.34171715E+00
   0.37533829E+02 -0.34953696E+00
   0.37555710E+02 -0.35649672E+00
   0.37577850E+02 -0.36252621E+00
   0.37600235E+02 -0.36755133E+00
   0.37622822E+02 -0.37149432E+00
   0.37645584E+02 -0.37427372E+00
   0.37668457E+02 -0.37580812E+00
   0.37691391E+02 -0.37601838E+00
   0.37714298E+02 -0.37482992E+00
   0.37737095E+02 -0.37217912E+00
   0.37759682E+02 -0.36801657E+00
   0.37781948E+02 -0.36231175E+00
   0.37803787E+02 -0.35505792E+00
   0.37807487E+02 -0.35365751E+00
