 309   1
   0.37034321E+02  0.78302703E+01
   0.37048668E+02  0.78465400E+01
   0.37058624E+02  0.78665094E+01
   0.37064381E+02  0.78883071E+01
   0.37066826E+02  0.79106698E+01
   0.37066860E+02  0.79330277E+01
   0.37065090E+02  0.79551749E+01
   0.37061974E+02  0.79770432E+01
   0.37057785E+02  0.79986277E+01
   0.37052738E+02  0.80199366E+01
   0.37046986E+02  0.80409918E+01
   0.37040638E+02  0.80618105E+01
   0.37033779E+02  0.80824108E+01
   0.37026478E+02  0.81028109E+01
   0.37018791E+02  0.81230249E+01
   0.37010754E+02  0.81430664E+01
   0.37002411E+02  0.81629467E+01
   0.36993793E+02  0.81826763E+01
   0.36984917E+02  0.82022667E+01
   0.36975811E+02  0.82217216E+01
   0.36966488E+02  0.82410517E+01
   0.36956970E+02  0.82602615E+01
   0.36947269E+02  0.82793598E+01
   0.36937393E+02  0.82983475E+01
   0.36927364E+02  0.83172331E+01
   0.36917183E+02  0.83360186E+01
   0.36906853E+02  0.83547096E+01
   0.36896397E+02  0.83733091E+01
   0.36885815E+02  0.83918180E+01
   0.36875103E+02  0.84102421E+01
   0.36864285E+02  0.84285851E+01
   0.36853355E+02  0.84468460E+01
   0.36842327E+02  0.84650288E+01
   0.36831192E+02  0.84831362E+01
   0.36819965E+02  0.85011683E+01
   0.36808647E+02  0.85191288E+01
   0.36797237E+02  0.85370197E+01
   0.36785744E+02  0.85548410E+01
   0.36774174E+02  0.85725937E+01
   0.36762524E+02  0.85902805E+01
   0.36750793E+02  0.86079016E+01
   0.36738995E+02  0.86254587E+01
   0.36727116E+02  0.86429529E+01
   0.36715176E+02  0.86603851E+01
   0.36703167E+02  0.86777554E+01
   0.36691093E+02  0.86950674E+01
   0.36678955E+02  0.87123175E+01
   0.36666759E+02  0.87295113E+01
   0.36654495E+02  0.87466469E+01
   0.36642178E+02  0.87637243E+01
   0.36629803E+02  0.87807455E+01
   0.36617374E+02  0.87977114E+01
   0.36604893E+02  0.88146229E+01
   0.36592346E+02  0.88314800E+01
   0.36579758E+02  0.88482828E+01
   0.36567108E+02  0.88650341E+01
   0.36554413E+02  0.88817339E+01
   0.36541668E+02  0.88983831E+01
   0.36528870E+02  0.89149809E+01
   0.36516022E+02  0.89315338E+01
   0.36503120E+02  0.89480371E+01
   0.36490166E+02  0.89644947E+01
   0.36477169E+02  0.89809122E+01
   0.36464115E+02  0.89972858E+01
   0.36451004E+02  0.90136223E+01
   0.36437840E+02  0.90299206E+01
   0.36424614E+02  0.90461864E+01
   0.36411331E+02  0.90624228E+01
   0.36397987E+02  0.90786324E+01
   0.36384575E+02  0.90948200E+01
   0.36371098E+02  0.91109924E+01
   0.36357540E+02  0.91271505E+01
   0.36343906E+02  0.91433029E+01
   0.36330193E+02  0.91594505E+01
   0.36316391E+02  0.91756020E+01
   0.36302494E+02  0.91917591E+01
   0.36288506E+02  0.92079248E+01
   0.36274418E+02  0.92241077E+01
   0.36260227E+02  0.92403030E+01
   0.36245937E+02  0.92565136E+01
   0.36231552E+02  0.92727394E+01
   0.36217049E+02  0.92889767E+01
   0.36202457E+02  0.93052197E+01
   0.36187771E+02  0.93214674E+01
   0.36172993E+02  0.93377142E+01
   0.36158123E+02  0.93539515E+01
   0.36143173E+02  0.93701763E+01
   0.36128143E+02  0.93863773E+01
   0.36113041E+02  0.94025545E+01
   0.36097870E+02  0.94187002E+01
   0.36082630E+02  0.94348068E+01
   0.36067333E+02  0.94508734E+01
   0.36051975E+02  0.94668922E+01
   0.36036564E+02  0.94828615E+01
   0.36021095E+02  0.94987774E+01
   0.36005577E+02  0.95146399E+01
   0.35990009E+02  0.95304422E+01
   0.35974392E+02  0.95461855E+01
   0.35958717E+02  0.95618658E+01
   0.35943005E+02  0.95774832E+01
   0.35927238E+02  0.95930357E+01
   0.35911427E+02  0.96085205E+01
   0.35895569E+02  0.96239376E+01
   0.35879658E+02  0.96392851E+01
   0.35863697E+02  0.96545610E+01
   0.35847694E+02  0.96697655E+01
   0.35831642E+02  0.96848974E+01
   0.35815533E+02  0.96999540E+01
   0.35799374E+02  0.97149353E+01
   0.35783169E+02  0.97298384E+01
   0.35766907E+02  0.97446642E+01
   0.35750595E+02  0.97594070E+01
   0.35734219E+02  0.97740698E+01
   0.35717796E+02  0.97886477E+01
   0.35701309E+02  0.98031406E+01
   0.35684769E+02  0.98175440E+01
   0.35668163E+02  0.98318577E+01
   0.35651505E+02  0.98460789E+01
   0.35634781E+02  0.98602037E+01
   0.35617989E+02  0.98742285E+01
   0.35601131E+02  0.98881531E+01
   0.35584206E+02  0.99019718E+01
   0.35567204E+02  0.99156818E+01
   0.35550140E+02  0.99292793E+01
   0.35532993E+02  0.99427567E+01
   0.35515774E+02  0.99561119E+01
   0.35498474E+02  0.99693394E+01
   0.35481087E+02  0.99824314E+01
   0.35463619E+02  0.99953833E+01
   0.35446056E+02  0.10008185E+02
   0.35428413E+02  0.10020831E+02
   0.35410660E+02  0.10033310E+02
   0.35392811E+02  0.10045613E+02
   0.35374863E+02  0.10057729E+02
   0.35356792E+02  0.10069640E+02
   0.35338612E+02  0.10081336E+02
   0.35320309E+02  0.10092798E+02
   0.35301884E+02  0.10104007E+02
   0.35283318E+02  0.10114939E+02
   0.35264610E+02  0.10125566E+02
   0.35245758E+02  0.10135858E+02
   0.35226738E+02  0.10145773E+02
   0.35207554E+02  0.10155269E+02
   0.35188194E+02  0.10164289E+02
   0.35168640E+02  0.10172763E+02
   0.35148888E+02  0.10180602E+02
   0.35128929E+02  0.10187698E+02
   0.35108753E+02  0.10193902E+02
   0.35088379E+02  0.10199022E+02
   0.35067814E+02  0.10202792E+02
   0.35047123E+02  0.10204844E+02
   0.35026447E+02  0.10204663E+02
   0.35006084E+02  0.10201530E+02
   0.34986633E+02  0.10194523E+02
   0.34969185E+02  0.10182761E+02
   0.34955193E+02  0.10166143E+02
   0.34945618E+02  0.10145972E+02
   0.34940228E+02  0.10124086E+02
   0.34938084E+02  0.10101704E+02
   0.34938328E+02  0.10079356E+02
   0.34940338E+02  0.10057239E+02
   0.34943687E+02  0.10035410E+02
   0.34948090E+02  0.10013875E+02
   0.34953335E+02  0.99926176E+01
   0.34959286E+02  0.99716215E+01
   0.34965820E+02  0.99508629E+01
   0.34972858E+02  0.99303274E+01
   0.34980335E+02  0.99099941E+01
   0.34988197E+02  0.98898487E+01
   0.34996391E+02  0.98698759E+01
   0.35004898E+02  0.98500652E+01
   0.35013680E+02  0.98304052E+01
   0.35022709E+02  0.98108902E+01
   0.35031967E+02  0.97915068E+01
   0.35041435E+02  0.97722502E+01
   0.35051102E+02  0.97531128E+01
   0.35060944E+02  0.97340889E+01
   0.35070953E+02  0.97151747E+01
   0.35081120E+02  0.96963625E+01
   0.35091438E+02  0.96776505E+01
   0.35101894E+02  0.96590328E+01
   0.35112476E+02  0.96405067E+01
   0.35123188E+02  0.96220694E+01
   0.35134018E+02  0.96037159E+01
   0.35144951E+02  0.95854464E+01
   0.35155994E+02  0.95672550E+01
   0.35167145E+02  0.95491419E+01
   0.35178387E+02  0.95311041E+01
   0.35189724E+02  0.95131397E+01
   0.35201149E+02  0.94952469E+01
   0.35212662E+02  0.94774246E+01
   0.35224255E+02  0.94596710E+01
   0.35235928E+02  0.94419832E+01
   0.35247677E+02  0.94243603E+01
   0.35259499E+02  0.94068031E+01
   0.35271389E+02  0.93893089E+01
   0.35283352E+02  0.93718767E+01
   0.35295380E+02  0.93545055E+01
   0.35307476E+02  0.93371935E+01
   0.35319633E+02  0.93199415E+01
   0.35331848E+02  0.93027468E+01
   0.35344124E+02  0.92856112E+01
   0.35356461E+02  0.92685299E+01
   0.35368855E+02  0.92515059E+01
   0.35381298E+02  0.92345371E+01
   0.35393803E+02  0.92176218E+01
   0.35406353E+02  0.92007627E+01
   0.35418957E+02  0.91839542E+01
   0.35431614E+02  0.91671982E+01
   0.35444321E+02  0.91504936E+01
   0.35457073E+02  0.91338396E+01
   0.35469879E+02  0.91172342E+01
   0.35482727E+02  0.91006784E+01
   0.35495632E+02  0.90841684E+01
   0.35508579E+02  0.90677032E+01
   0.35521580E+02  0.90512819E+01
   0.35534630E+02  0.90349045E+01
   0.35547726E+02  0.90185652E+01
   0.35560879E+02  0.90022631E+01
   0.35574078E+02  0.89859972E+01
   0.35587345E+02  0.89697628E+01
   0.35600666E+02  0.89535561E+01
   0.35614044E+02  0.89373751E+01
   0.35627487E+02  0.89212132E+01
   0.35640999E+02  0.89050665E+01
   0.35654579E+02  0.88889303E+01
   0.35668240E+02  0.88728018E+01
   0.35681984E+02  0.88566723E+01
   0.35695805E+02  0.88405390E+01
   0.35709728E+02  0.88243980E+01
   0.35723736E+02  0.88082447E+01
   0.35737843E+02  0.87920780E+01
   0.35752048E+02  0.87758932E+01
   0.35766350E+02  0.87596922E+01
   0.35780754E+02  0.87434750E+01
   0.35795261E+02  0.87272444E+01
   0.35809864E+02  0.87110043E+01
   0.35824558E+02  0.86947594E+01
   0.35839344E+02  0.86785154E+01
   0.35854214E+02  0.86622772E+01
   0.35869167E+02  0.86460524E+01
   0.35884190E+02  0.86298456E+01
   0.35899292E+02  0.86136627E+01
   0.35914455E+02  0.85975113E+01
   0.35929684E+02  0.85813951E+01
   0.35944969E+02  0.85653191E+01
   0.35960316E+02  0.85492859E+01
   0.35975719E+02  0.85333023E+01
   0.35991169E+02  0.85173702E+01
   0.36006672E+02  0.85014906E+01
   0.36022213E+02  0.84856672E+01
   0.36037811E+02  0.84699020E+01
   0.36053459E+02  0.84541979E+01
   0.36069145E+02  0.84385548E+01
   0.36084885E+02  0.84229755E+01
   0.36100666E+02  0.84074602E+01
   0.36116493E+02  0.83920116E+01
   0.36132374E+02  0.83766317E+01
   0.36148293E+02  0.83613195E+01
   0.36164265E+02  0.83460770E+01
   0.36180283E+02  0.83309069E+01
   0.36196346E+02  0.83158083E+01
   0.36212463E+02  0.83007832E+01
   0.36228630E+02  0.82858343E+01
   0.36244843E+02  0.82709637E+01
   0.36261116E+02  0.82561703E+01
   0.36277439E+02  0.82414570E+01
   0.36293816E+02  0.82268257E+01
   0.36310249E+02  0.82122784E+01
   0.36326744E+02  0.81978178E+01
   0.36343292E+02  0.81834469E+01
   0.36359901E+02  0.81691666E+01
   0.36376575E+02  0.81549788E+01
   0.36393307E+02  0.81408882E+01
   0.36410110E+02  0.81268988E+01
   0.36426975E+02  0.81130123E+01
   0.36443913E+02  0.80992336E+01
   0.36460926E+02  0.80855665E+01
   0.36478012E+02  0.80720177E+01
   0.36495174E+02  0.80585871E+01
   0.36512409E+02  0.80452852E+01
   0.36529732E+02  0.80321178E+01
   0.36547142E+02  0.80190878E+01
   0.36564644E+02  0.80062075E+01
   0.36582233E+02  0.79934835E+01
   0.36599918E+02  0.79809260E+01
   0.36617714E+02  0.79685435E+01
   0.36635612E+02  0.79563498E+01
   0.36653618E+02  0.79443574E+01
   0.36671741E+02  0.79325833E+01
   0.36689991E+02  0.79210443E+01
   0.36708366E+02  0.79097619E+01
   0.36726883E+02  0.78987589E+01
   0.36745541E+02  0.78880649E+01
   0.36764355E+02  0.78777137E+01
   0.36783337E+02  0.78677425E+01
   0.36802483E+02  0.78582015E+01
   0.36821815E+02  0.78491516E+01
   0.36841347E+02  0.78406639E+01
   0.36861088E+02  0.78328328E+01
   0.36881035E+02  0.78257766E+01
   0.36901211E+02  0.78196588E+01
   0.36921597E+02  0.78146820E+01
   0.36942169E+02  0.78111424E+01
   0.36962856E+02  0.78094449E+01
   0.36983494E+02  0.78101578E+01
   0.37003719E+02  0.78140750E+01
   0.37022812E+02  0.78221588E+01
   0.37034321E+02  0.78302703E+01
