 311   1
   0.38776474E+02 -0.47728624E+01
   0.38788792E+02 -0.47637506E+01
   0.38799683E+02 -0.47527800E+01
   0.38808987E+02 -0.47403183E+01
   0.38816719E+02 -0.47267618E+01
   0.38822983E+02 -0.47124572E+01
   0.38827953E+02 -0.46976666E+01
   0.38831799E+02 -0.46825719E+01
   0.38834679E+02 -0.46672955E+01
   0.38836723E+02 -0.46519198E+01
   0.38838043E+02 -0.46364980E+01
   0.38838737E+02 -0.46210661E+01
   0.38838879E+02 -0.46056476E+01
   0.38838528E+02 -0.45902586E+01
   0.38837742E+02 -0.45749087E+01
   0.38836567E+02 -0.45596066E+01
   0.38835041E+02 -0.45443559E+01
   0.38833191E+02 -0.45291586E+01
   0.38831043E+02 -0.45140171E+01
   0.38828632E+02 -0.44989319E+01
   0.38825970E+02 -0.44839044E+01
   0.38823074E+02 -0.44689331E+01
   0.38819965E+02 -0.44540181E+01
   0.38816662E+02 -0.44391584E+01
   0.38813164E+02 -0.44243541E+01
   0.38809490E+02 -0.44096031E+01
   0.38805649E+02 -0.43949060E+01
   0.38801651E+02 -0.43802614E+01
   0.38797501E+02 -0.43656683E+01
   0.38793213E+02 -0.43511252E+01
   0.38788792E+02 -0.43366327E+01
   0.38784237E+02 -0.43221884E+01
   0.38779560E+02 -0.43077931E+01
   0.38774769E+02 -0.42934446E+01
   0.38769855E+02 -0.42791429E+01
   0.38764843E+02 -0.42648869E+01
   0.38759720E+02 -0.42506766E+01
   0.38754498E+02 -0.42365112E+01
   0.38749176E+02 -0.42223897E+01
   0.38743763E+02 -0.42083106E+01
   0.38738258E+02 -0.41942754E+01
   0.38732662E+02 -0.41802816E+01
   0.38726982E+02 -0.41663303E+01
   0.38721218E+02 -0.41524196E+01
   0.38715374E+02 -0.41385498E+01
   0.38709450E+02 -0.41247206E+01
   0.38703449E+02 -0.41109304E+01
   0.38697376E+02 -0.40971794E+01
   0.38691227E+02 -0.40834670E+01
   0.38685005E+02 -0.40697927E+01
   0.38678715E+02 -0.40561562E+01
   0.38672356E+02 -0.40425568E+01
   0.38665928E+02 -0.40289941E+01
   0.38659431E+02 -0.40154667E+01
   0.38652870E+02 -0.40019755E+01
   0.38646248E+02 -0.39885182E+01
   0.38639557E+02 -0.39750957E+01
   0.38632805E+02 -0.39617064E+01
   0.38625996E+02 -0.39483495E+01
   0.38619114E+02 -0.39350243E+01
   0.38612179E+02 -0.39217303E+01
   0.38605179E+02 -0.39084651E+01
   0.38598118E+02 -0.38952291E+01
   0.38590996E+02 -0.38820207E+01
   0.38583813E+02 -0.38688385E+01
   0.38576565E+02 -0.38556814E+01
   0.38569260E+02 -0.38425486E+01
   0.38561893E+02 -0.38294377E+01
   0.38554459E+02 -0.38163471E+01
   0.38546963E+02 -0.38032758E+01
   0.38539406E+02 -0.37902226E+01
   0.38531780E+02 -0.37771854E+01
   0.38524090E+02 -0.37641628E+01
   0.38516335E+02 -0.37511535E+01
   0.38508511E+02 -0.37381561E+01
   0.38500618E+02 -0.37251697E+01
   0.38492649E+02 -0.37121937E+01
   0.38484623E+02 -0.36992269E+01
   0.38476521E+02 -0.36862700E+01
   0.38468346E+02 -0.36733227E+01
   0.38460102E+02 -0.36603844E+01
   0.38451786E+02 -0.36474571E+01
   0.38443401E+02 -0.36345417E+01
   0.38434944E+02 -0.36216390E+01
   0.38426418E+02 -0.36087513E+01
   0.38417824E+02 -0.35958807E+01
   0.38409153E+02 -0.35830283E+01
   0.38400421E+02 -0.35701969E+01
   0.38391624E+02 -0.35573890E+01
   0.38382759E+02 -0.35446069E+01
   0.38373825E+02 -0.35318527E+01
   0.38364834E+02 -0.35191290E+01
   0.38355774E+02 -0.35064383E+01
   0.38346653E+02 -0.34937820E+01
   0.38337467E+02 -0.34811630E+01
   0.38328220E+02 -0.34685831E+01
   0.38318913E+02 -0.34560440E+01
   0.38309547E+02 -0.34435480E+01
   0.38300117E+02 -0.34310966E+01
   0.38290627E+02 -0.34186916E+01
   0.38281078E+02 -0.34063349E+01
   0.38271469E+02 -0.33940275E+01
   0.38261795E+02 -0.33817718E+01
   0.38252068E+02 -0.33695686E+01
   0.38242275E+02 -0.33574197E+01
   0.38232418E+02 -0.33453269E+01
   0.38222507E+02 -0.33332918E+01
   0.38212528E+02 -0.33213151E+01
   0.38202488E+02 -0.33093996E+01
   0.38192379E+02 -0.32975461E+01
   0.38182213E+02 -0.32857571E+01
   0.38171974E+02 -0.32740333E+01
   0.38161671E+02 -0.32623780E+01
   0.38151299E+02 -0.32507923E+01
   0.38140858E+02 -0.32392781E+01
   0.38130348E+02 -0.32278388E+01
   0.38119766E+02 -0.32164757E+01
   0.38109112E+02 -0.32051921E+01
   0.38098377E+02 -0.31939905E+01
   0.38087574E+02 -0.31828737E+01
   0.38076683E+02 -0.31718452E+01
   0.38065720E+02 -0.31609087E+01
   0.38054672E+02 -0.31500671E+01
   0.38043537E+02 -0.31393251E+01
   0.38032314E+02 -0.31286876E+01
   0.38021004E+02 -0.31181586E+01
   0.38009598E+02 -0.31077440E+01
   0.37998104E+02 -0.30974495E+01
   0.37986507E+02 -0.30872810E+01
   0.37974804E+02 -0.30772467E+01
   0.37962997E+02 -0.30673540E+01
   0.37951080E+02 -0.30576115E+01
   0.37939049E+02 -0.30480292E+01
   0.37926903E+02 -0.30386186E+01
   0.37914627E+02 -0.30293911E+01
   0.37902225E+02 -0.30203612E+01
   0.37889687E+02 -0.30115447E+01
   0.37877003E+02 -0.30029600E+01
   0.37864182E+02 -0.29946282E+01
   0.37851196E+02 -0.29865732E+01
   0.37838051E+02 -0.29788229E+01
   0.37824738E+02 -0.29714108E+01
   0.37811245E+02 -0.29643750E+01
   0.37797565E+02 -0.29577627E+01
   0.37783695E+02 -0.29516292E+01
   0.37769627E+02 -0.29460402E+01
   0.37755352E+02 -0.29410784E+01
   0.37740883E+02 -0.29368429E+01
   0.37726219E+02 -0.29334555E+01
   0.37711391E+02 -0.29310658E+01
   0.37696449E+02 -0.29298553E+01
   0.37681465E+02 -0.29300387E+01
   0.37666588E+02 -0.29318562E+01
   0.37652008E+02 -0.29355502E+01
   0.37638031E+02 -0.29413130E+01
   0.37624989E+02 -0.29492130E+01
   0.37613228E+02 -0.29591322E+01
   0.37602985E+02 -0.29707711E+01
   0.37594341E+02 -0.29837346E+01
   0.37587234E+02 -0.29976380E+01
   0.37581516E+02 -0.30121694E+01
   0.37577023E+02 -0.30271027E+01
   0.37573582E+02 -0.30422826E+01
   0.37571053E+02 -0.30576055E+01
   0.37569305E+02 -0.30730042E+01
   0.37568233E+02 -0.30884323E+01
   0.37567760E+02 -0.31038604E+01
   0.37567810E+02 -0.31192687E+01
   0.37568325E+02 -0.31346426E+01
   0.37569252E+02 -0.31499746E+01
   0.37570557E+02 -0.31652579E+01
   0.37572197E+02 -0.31804893E+01
   0.37574150E+02 -0.31956661E+01
   0.37576385E+02 -0.32107875E+01
   0.37578873E+02 -0.32258527E+01
   0.37581612E+02 -0.32408619E+01
   0.37584568E+02 -0.32558148E+01
   0.37587738E+02 -0.32707117E+01
   0.37591103E+02 -0.32855539E+01
   0.37594646E+02 -0.33003418E+01
   0.37598370E+02 -0.33150764E+01
   0.37602249E+02 -0.33297584E+01
   0.37606281E+02 -0.33443885E+01
   0.37610466E+02 -0.33589675E+01
   0.37614788E+02 -0.33734965E+01
   0.37619244E+02 -0.33879762E+01
   0.37623825E+02 -0.34024074E+01
   0.37628529E+02 -0.34167910E+01
   0.37633347E+02 -0.34311278E+01
   0.37638279E+02 -0.34454179E+01
   0.37643314E+02 -0.34596627E+01
   0.37648460E+02 -0.34738624E+01
   0.37653702E+02 -0.34880176E+01
   0.37659039E+02 -0.35021296E+01
   0.37664471E+02 -0.35161986E+01
   0.37669991E+02 -0.35302248E+01
   0.37675598E+02 -0.35442090E+01
   0.37681297E+02 -0.35581515E+01
   0.37687069E+02 -0.35720532E+01
   0.37692932E+02 -0.35859146E+01
   0.37698868E+02 -0.35997357E+01
   0.37704876E+02 -0.36135180E+01
   0.37710964E+02 -0.36272612E+01
   0.37717125E+02 -0.36409655E+01
   0.37723362E+02 -0.36546319E+01
   0.37729664E+02 -0.36682606E+01
   0.37736034E+02 -0.36818531E+01
   0.37742474E+02 -0.36954088E+01
   0.37748981E+02 -0.37089283E+01
   0.37755554E+02 -0.37224128E+01
   0.37762188E+02 -0.37358632E+01
   0.37768890E+02 -0.37492795E+01
   0.37775650E+02 -0.37626626E+01
   0.37782478E+02 -0.37760136E+01
   0.37789368E+02 -0.37893329E+01
   0.37796318E+02 -0.38026218E+01
   0.37803329E+02 -0.38158815E+01
   0.37810406E+02 -0.38291123E+01
   0.37817535E+02 -0.38423164E+01
   0.37824738E+02 -0.38554935E+01
   0.37831997E+02 -0.38686469E+01
   0.37839317E+02 -0.38817773E+01
   0.37846703E+02 -0.38948851E+01
   0.37854149E+02 -0.39079733E+01
   0.37861664E+02 -0.39210424E+01
   0.37869240E+02 -0.39340944E+01
   0.37876884E+02 -0.39471307E+01
   0.37884594E+02 -0.39601529E+01
   0.37892372E+02 -0.39731619E+01
   0.37900215E+02 -0.39861588E+01
   0.37908134E+02 -0.39991457E+01
   0.37916119E+02 -0.40121217E+01
   0.37924175E+02 -0.40250883E+01
   0.37932297E+02 -0.40380454E+01
   0.37940495E+02 -0.40509925E+01
   0.37948765E+02 -0.40639291E+01
   0.37957104E+02 -0.40768552E+01
   0.37965515E+02 -0.40897679E+01
   0.37973999E+02 -0.41026673E+01
   0.37982552E+02 -0.41155500E+01
   0.37991173E+02 -0.41284151E+01
   0.37999870E+02 -0.41412611E+01
   0.38008625E+02 -0.41540837E+01
   0.38017452E+02 -0.41668820E+01
   0.38026344E+02 -0.41796541E+01
   0.38035297E+02 -0.41923952E+01
   0.38044323E+02 -0.42051058E+01
   0.38053406E+02 -0.42177820E+01
   0.38062561E+02 -0.42304225E+01
   0.38071770E+02 -0.42430243E+01
   0.38081043E+02 -0.42555861E+01
   0.38090378E+02 -0.42681055E+01
   0.38099773E+02 -0.42805815E+01
   0.38109230E+02 -0.42930112E+01
   0.38118748E+02 -0.43053937E+01
   0.38128323E+02 -0.43177266E+01
   0.38137966E+02 -0.43300095E+01
   0.38147667E+02 -0.43422394E+01
   0.38157429E+02 -0.43544159E+01
   0.38167252E+02 -0.43665366E+01
   0.38177139E+02 -0.43786011E+01
   0.38187088E+02 -0.43906064E+01
   0.38197098E+02 -0.44025526E+01
   0.38207172E+02 -0.44144359E+01
   0.38217316E+02 -0.44262567E+01
   0.38227520E+02 -0.44380112E+01
   0.38237793E+02 -0.44496994E+01
   0.38248135E+02 -0.44613180E+01
   0.38258541E+02 -0.44728656E+01
   0.38269020E+02 -0.44843402E+01
   0.38279572E+02 -0.44957395E+01
   0.38290192E+02 -0.45070601E+01
   0.38300888E+02 -0.45183001E+01
   0.38311665E+02 -0.45294566E+01
   0.38322514E+02 -0.45405259E+01
   0.38333447E+02 -0.45515060E+01
   0.38344456E+02 -0.45623927E+01
   0.38355553E+02 -0.45731812E+01
   0.38366734E+02 -0.45838685E+01
   0.38378006E+02 -0.45944490E+01
   0.38389362E+02 -0.46049180E+01
   0.38400818E+02 -0.46152706E+01
   0.38412373E+02 -0.46254997E+01
   0.38424023E+02 -0.46355987E+01
   0.38435783E+02 -0.46455612E+01
   0.38447647E+02 -0.46553783E+01
   0.38459621E+02 -0.46650405E+01
   0.38471714E+02 -0.46745386E+01
   0.38483925E+02 -0.46838603E+01
   0.38496262E+02 -0.46929927E+01
   0.38508732E+02 -0.47019215E+01
   0.38521339E+02 -0.47106290E+01
   0.38534092E+02 -0.47190971E+01
   0.38546993E+02 -0.47273030E+01
   0.38560051E+02 -0.47352228E+01
   0.38573273E+02 -0.47428246E+01
   0.38586666E+02 -0.47500749E+01
   0.38600243E+02 -0.47569323E+01
   0.38614006E+02 -0.47633467E+01
   0.38627964E+02 -0.47692604E+01
   0.38642120E+02 -0.47746010E+01
   0.38656475E+02 -0.47792807E+01
   0.38671028E+02 -0.47831936E+01
   0.38685757E+02 -0.47862096E+01
   0.38700638E+02 -0.47881684E+01
   0.38715611E+02 -0.47888784E+01
   0.38730572E+02 -0.47881150E+01
   0.38745373E+02 -0.47856340E+01
   0.38759766E+02 -0.47812076E+01
   0.38773449E+02 -0.47746758E+01
   0.38776474E+02 -0.47728624E+01
