 307   1
   0.40446983E+02  0.29268477E+01
   0.40475567E+02  0.29607890E+01
   0.40490295E+02  0.30056088E+01
   0.40494690E+02  0.30521004E+01
   0.40493084E+02  0.30978808E+01
   0.40487751E+02  0.31427126E+01
   0.40479874E+02  0.31866975E+01
   0.40470127E+02  0.32299626E+01
   0.40458946E+02  0.32726176E+01
   0.40446617E+02  0.33147492E+01
   0.40433331E+02  0.33564260E+01
   0.40419250E+02  0.33977020E+01
   0.40404480E+02  0.34386215E+01
   0.40389107E+02  0.34792206E+01
   0.40373207E+02  0.35195284E+01
   0.40356831E+02  0.35595706E+01
   0.40340031E+02  0.35993683E+01
   0.40322849E+02  0.36389387E+01
   0.40305309E+02  0.36782973E+01
   0.40287445E+02  0.37174578E+01
   0.40269291E+02  0.37564328E+01
   0.40250854E+02  0.37952309E+01
   0.40232159E+02  0.38338618E+01
   0.40213223E+02  0.38723350E+01
   0.40194057E+02  0.39106567E+01
   0.40174679E+02  0.39488325E+01
   0.40155102E+02  0.39868701E+01
   0.40135330E+02  0.40247717E+01
   0.40115379E+02  0.40625448E+01
   0.40095253E+02  0.41001921E+01
   0.40074970E+02  0.41377187E+01
   0.40054523E+02  0.41751266E+01
   0.40033928E+02  0.42124195E+01
   0.40013187E+02  0.42496004E+01
   0.39992310E+02  0.42866716E+01
   0.39971302E+02  0.43236365E+01
   0.39950165E+02  0.43604960E+01
   0.39928905E+02  0.43972521E+01
   0.39907536E+02  0.44339066E+01
   0.39886040E+02  0.44704614E+01
   0.39864437E+02  0.45069180E+01
   0.39842731E+02  0.45432768E+01
   0.39820919E+02  0.45795398E+01
   0.39799011E+02  0.46157074E+01
   0.39777008E+02  0.46517811E+01
   0.39754910E+02  0.46877613E+01
   0.39732719E+02  0.47236485E+01
   0.39710449E+02  0.47594438E+01
   0.39688087E+02  0.47951460E+01
   0.39665638E+02  0.48307576E+01
   0.39643120E+02  0.48662786E+01
   0.39620518E+02  0.49017086E+01
   0.39597839E+02  0.49370489E+01
   0.39575092E+02  0.49722996E+01
   0.39552265E+02  0.50074596E+01
   0.39529373E+02  0.50425320E+01
   0.39506409E+02  0.50775156E+01
   0.39483383E+02  0.51124115E+01
   0.39460285E+02  0.51472220E+01
   0.39437126E+02  0.51819472E+01
   0.39413891E+02  0.52165885E+01
   0.39390598E+02  0.52511497E+01
   0.39367241E+02  0.52856326E+01
   0.39343811E+02  0.53200407E+01
   0.39320312E+02  0.53543811E+01
   0.39296734E+02  0.53886571E+01
   0.39273090E+02  0.54228792E+01
   0.39249344E+02  0.54570546E+01
   0.39225517E+02  0.54911971E+01
   0.39201588E+02  0.55253201E+01
   0.39177547E+02  0.55594392E+01
   0.39153374E+02  0.55935755E+01
   0.39129055E+02  0.56277504E+01
   0.39104584E+02  0.56619873E+01
   0.39079926E+02  0.56963110E+01
   0.39055077E+02  0.57307477E+01
   0.39030003E+02  0.57653189E+01
   0.39004696E+02  0.58000417E+01
   0.38979145E+02  0.58349285E+01
   0.38953358E+02  0.58699818E+01
   0.38927319E+02  0.59051967E+01
   0.38901039E+02  0.59405580E+01
   0.38874542E+02  0.59760432E+01
   0.38847828E+02  0.60116262E+01
   0.38820938E+02  0.60472775E+01
   0.38793884E+02  0.60829687E+01
   0.38766678E+02  0.61186705E+01
   0.38739342E+02  0.61543579E+01
   0.38711903E+02  0.61900101E+01
   0.38684353E+02  0.62256083E+01
   0.38656719E+02  0.62611394E+01
   0.38629002E+02  0.62965903E+01
   0.38601204E+02  0.63319521E+01
   0.38573345E+02  0.63672194E+01
   0.38545403E+02  0.64023852E+01
   0.38517406E+02  0.64374466E+01
   0.38489342E+02  0.64724007E+01
   0.38461212E+02  0.65072441E+01
   0.38433014E+02  0.65419774E+01
   0.38404758E+02  0.65765982E+01
   0.38376431E+02  0.66111064E+01
   0.38348034E+02  0.66454988E+01
   0.38319572E+02  0.66797771E+01
   0.38291039E+02  0.67139416E+01
   0.38262436E+02  0.67479887E+01
   0.38233757E+02  0.67819204E+01
   0.38205002E+02  0.68157339E+01
   0.38176174E+02  0.68494296E+01
   0.38147259E+02  0.68830061E+01
   0.38118271E+02  0.69164615E+01
   0.38089195E+02  0.69497957E+01
   0.38060032E+02  0.69830074E+01
   0.38030777E+02  0.70160923E+01
   0.38001434E+02  0.70490508E+01
   0.37971992E+02  0.70818791E+01
   0.37942463E+02  0.71145749E+01
   0.37912823E+02  0.71471367E+01
   0.37883083E+02  0.71795602E+01
   0.37853237E+02  0.72118416E+01
   0.37823284E+02  0.72439790E+01
   0.37793213E+02  0.72759652E+01
   0.37763027E+02  0.73077984E+01
   0.37732719E+02  0.73394713E+01
   0.37702282E+02  0.73709798E+01
   0.37671715E+02  0.74023151E+01
   0.37641014E+02  0.74334731E+01
   0.37610165E+02  0.74644442E+01
   0.37579174E+02  0.74952197E+01
   0.37548023E+02  0.75257907E+01
   0.37516716E+02  0.75561452E+01
   0.37485237E+02  0.75862722E+01
   0.37453587E+02  0.76161566E+01
   0.37421741E+02  0.76457844E+01
   0.37389702E+02  0.76751380E+01
   0.37357452E+02  0.77041969E+01
   0.37324986E+02  0.77329383E+01
   0.37292286E+02  0.77613330E+01
   0.37259335E+02  0.77893534E+01
   0.37226116E+02  0.78169599E+01
   0.37192604E+02  0.78441119E+01
   0.37158783E+02  0.78707552E+01
   0.37124630E+02  0.78968248E+01
   0.37090103E+02  0.79222450E+01
   0.37055176E+02  0.79469137E+01
   0.37019810E+02  0.79707079E+01
   0.36983944E+02  0.79934607E+01
   0.36947533E+02  0.80149498E+01
   0.36910503E+02  0.80348721E+01
   0.36872795E+02  0.80527773E+01
   0.36834339E+02  0.80679979E+01
   0.36795124E+02  0.80794621E+01
   0.36755299E+02  0.80853529E+01
   0.36715614E+02  0.80824461E+01
   0.36678677E+02  0.80654821E+01
   0.36650879E+02  0.80307064E+01
   0.36636967E+02  0.79856548E+01
   0.36633205E+02  0.79391623E+01
   0.36635342E+02  0.78934388E+01
   0.36641144E+02  0.78486881E+01
   0.36649467E+02  0.78048000E+01
   0.36659637E+02  0.77616434E+01
   0.36671227E+02  0.77191062E+01
   0.36683956E+02  0.76771007E+01
   0.36697632E+02  0.76355553E+01
   0.36712093E+02  0.75944157E+01
   0.36727245E+02  0.75536361E+01
   0.36742981E+02  0.75131798E+01
   0.36759243E+02  0.74730172E+01
   0.36775967E+02  0.74331226E+01
   0.36793118E+02  0.73934751E+01
   0.36810638E+02  0.73540554E+01
   0.36828506E+02  0.73148489E+01
   0.36846699E+02  0.72758408E+01
   0.36865181E+02  0.72370200E+01
   0.36883930E+02  0.71983757E+01
   0.36902935E+02  0.71598964E+01
   0.36922176E+02  0.71215763E+01
   0.36941647E+02  0.70834055E+01
   0.36961315E+02  0.70453820E+01
   0.36981190E+02  0.70074959E+01
   0.37001240E+02  0.69697428E+01
   0.37021473E+02  0.69321189E+01
   0.37041866E+02  0.68946190E+01
   0.37062424E+02  0.68572388E+01
   0.37083134E+02  0.68199759E+01
   0.37103981E+02  0.67828259E+01
   0.37124973E+02  0.67457862E+01
   0.37146095E+02  0.67088552E+01
   0.37167347E+02  0.66720290E+01
   0.37188721E+02  0.66353064E+01
   0.37210205E+02  0.65986838E+01
   0.37231812E+02  0.65621619E+01
   0.37253525E+02  0.65257373E+01
   0.37275337E+02  0.64894099E+01
   0.37297253E+02  0.64531779E+01
   0.37319267E+02  0.64170399E+01
   0.37341377E+02  0.63809934E+01
   0.37363579E+02  0.63450403E+01
   0.37385864E+02  0.63091774E+01
   0.37408237E+02  0.62734041E+01
   0.37430695E+02  0.62377234E+01
   0.37453228E+02  0.62021298E+01
   0.37475845E+02  0.61666255E+01
   0.37498528E+02  0.61312099E+01
   0.37521290E+02  0.60958824E+01
   0.37544121E+02  0.60606422E+01
   0.37567024E+02  0.60254884E+01
   0.37589993E+02  0.59904218E+01
   0.37613022E+02  0.59554415E+01
   0.37636116E+02  0.59205470E+01
   0.37659283E+02  0.58857365E+01
   0.37682503E+02  0.58510098E+01
   0.37705780E+02  0.58163662E+01
   0.37729126E+02  0.57818017E+01
   0.37752529E+02  0.57473164E+01
   0.37775997E+02  0.57129059E+01
   0.37799530E+02  0.56785665E+01
   0.37823124E+02  0.56442933E+01
   0.37846790E+02  0.56100798E+01
   0.37870529E+02  0.55759192E+01
   0.37894344E+02  0.55418005E+01
   0.37918247E+02  0.55077133E+01
   0.37942257E+02  0.54736428E+01
   0.37966362E+02  0.54395714E+01
   0.37990597E+02  0.54054818E+01
   0.38014973E+02  0.53713498E+01
   0.38039501E+02  0.53371530E+01
   0.38064205E+02  0.53028646E+01
   0.38089108E+02  0.52684622E+01
   0.38114220E+02  0.52339220E+01
   0.38139561E+02  0.51992254E+01
   0.38165134E+02  0.51643624E+01
   0.38190956E+02  0.51293287E+01
   0.38217022E+02  0.50941305E+01
   0.38243309E+02  0.50587816E+01
   0.38269825E+02  0.50233045E+01
   0.38296539E+02  0.49877253E+01
   0.38323433E+02  0.49520745E+01
   0.38350487E+02  0.49163809E+01
   0.38377686E+02  0.48806710E+01
   0.38404999E+02  0.48449717E+01
   0.38432426E+02  0.48093042E+01
   0.38459949E+02  0.47736855E+01
   0.38487549E+02  0.47381306E+01
   0.38515232E+02  0.47026515E+01
   0.38542988E+02  0.46672564E+01
   0.38570805E+02  0.46319528E+01
   0.38598690E+02  0.45967464E+01
   0.38626633E+02  0.45616393E+01
   0.38654640E+02  0.45266371E+01
   0.38682701E+02  0.44917393E+01
   0.38710823E+02  0.44569483E+01
   0.38739010E+02  0.44222655E+01
   0.38767254E+02  0.43876915E+01
   0.38795563E+02  0.43532271E+01
   0.38823929E+02  0.43188734E+01
   0.38852367E+02  0.42846303E+01
   0.38880875E+02  0.42504988E+01
   0.38909447E+02  0.42164798E+01
   0.38938087E+02  0.41825733E+01
   0.38966805E+02  0.41487799E+01
   0.38995598E+02  0.41151018E+01
   0.39024464E+02  0.40815401E+01
   0.39053413E+02  0.40480957E+01
   0.39082447E+02  0.40147710E+01
   0.39111561E+02  0.39815652E+01
   0.39140759E+02  0.39484837E+01
   0.39170052E+02  0.39155269E+01
   0.39199440E+02  0.38826978E+01
   0.39228920E+02  0.38499982E+01
   0.39258503E+02  0.38174334E+01
   0.39288185E+02  0.37850041E+01
   0.39317974E+02  0.37527163E+01
   0.39347874E+02  0.37205729E+01
   0.39377892E+02  0.36885798E+01
   0.39408024E+02  0.36567433E+01
   0.39438282E+02  0.36250651E+01
   0.39468666E+02  0.35935562E+01
   0.39499180E+02  0.35622211E+01
   0.39529839E+02  0.35310669E+01
   0.39560646E+02  0.35001042E+01
   0.39591599E+02  0.34693418E+01
   0.39622711E+02  0.34387932E+01
   0.39653988E+02  0.34084666E+01
   0.39685452E+02  0.33783786E+01
   0.39717091E+02  0.33485448E+01
   0.39748928E+02  0.33189826E+01
   0.39780972E+02  0.32897134E+01
   0.39813240E+02  0.32607586E+01
   0.39845741E+02  0.32321465E+01
   0.39878494E+02  0.32039113E+01
   0.39911522E+02  0.31760888E+01
   0.39944836E+02  0.31487238E+01
   0.39978470E+02  0.31218700E+01
   0.40012444E+02  0.30955954E+01
   0.40046799E+02  0.30699806E+01
   0.40081558E+02  0.30451310E+01
   0.40116787E+02  0.30211766E+01
   0.40152527E+02  0.29982951E+01
   0.40188835E+02  0.29767232E+01
   0.40225780E+02  0.29567940E+01
   0.40263447E+02  0.29389896E+01
   0.40301899E+02  0.29240561E+01
   0.40341141E+02  0.29132013E+01
   0.40380970E+02  0.29085095E+01
   0.40420406E+02  0.29136951E+01
   0.40446983E+02  0.29268477E+01
