 309   1
   0.42199879E+02 -0.11478736E+01
   0.42226921E+02 -0.11221563E+01
   0.42246960E+02 -0.10893983E+01
   0.42260082E+02 -0.10529141E+01
   0.42267681E+02 -0.10150033E+01
   0.42271194E+02 -0.97674596E+00
   0.42271656E+02 -0.93858099E+00
   0.42269791E+02 -0.90067607E+00
   0.42266083E+02 -0.86308819E+00
   0.42260891E+02 -0.82582790E+00
   0.42254459E+02 -0.78888690E+00
   0.42247002E+02 -0.75224954E+00
   0.42238647E+02 -0.71589768E+00
   0.42229515E+02 -0.67981386E+00
   0.42219696E+02 -0.64398086E+00
   0.42209274E+02 -0.60838276E+00
   0.42198303E+02 -0.57300586E+00
   0.42186840E+02 -0.53783745E+00
   0.42174923E+02 -0.50286543E+00
   0.42162605E+02 -0.46807998E+00
   0.42149895E+02 -0.43347162E+00
   0.42136837E+02 -0.39903176E+00
   0.42123459E+02 -0.36475289E+00
   0.42109772E+02 -0.33062837E+00
   0.42095791E+02 -0.29665160E+00
   0.42081551E+02 -0.26281679E+00
   0.42067051E+02 -0.22911961E+00
   0.42052322E+02 -0.19555423E+00
   0.42037354E+02 -0.16211709E+00
   0.42022175E+02 -0.12880403E+00
   0.42006790E+02 -0.95611490E-01
   0.41991211E+02 -0.62535733E-01
   0.41975445E+02 -0.29574078E-01
   0.41959496E+02  0.32762496E-02
   0.41943378E+02  0.36018044E-01
   0.41927094E+02  0.68653233E-01
   0.41910652E+02  0.10118472E+00
   0.41894054E+02  0.13361420E+00
   0.41877308E+02  0.16594346E+00
   0.41860420E+02  0.19817445E+00
   0.41843395E+02  0.23030861E+00
   0.41826241E+02  0.26234749E+00
   0.41808949E+02  0.29429260E+00
   0.41791538E+02  0.32614505E+00
   0.41774006E+02  0.35790616E+00
   0.41756348E+02  0.38957712E+00
   0.41738583E+02  0.42115894E+00
   0.41720699E+02  0.45265290E+00
   0.41702709E+02  0.48405987E+00
   0.41684612E+02  0.51538074E+00
   0.41666405E+02  0.54661673E+00
   0.41648102E+02  0.57776886E+00
   0.41629692E+02  0.60883778E+00
   0.41611191E+02  0.63982469E+00
   0.41592583E+02  0.67073125E+00
   0.41573891E+02  0.70155829E+00
   0.41555099E+02  0.73230714E+00
   0.41536221E+02  0.76297969E+00
   0.41517239E+02  0.79357725E+00
   0.41498169E+02  0.82410258E+00
   0.41479008E+02  0.85455757E+00
   0.41459755E+02  0.88494474E+00
   0.41440403E+02  0.91526765E+00
   0.41420963E+02  0.94552976E+00
   0.41401432E+02  0.97573531E+00
   0.41381794E+02  0.10058888E+01
   0.41362057E+02  0.10359963E+01
   0.41342220E+02  0.10660635E+01
   0.41322273E+02  0.10960978E+01
   0.41302204E+02  0.11261067E+01
   0.41282028E+02  0.11560987E+01
   0.41261719E+02  0.11860827E+01
   0.41241280E+02  0.12160679E+01
   0.41220703E+02  0.12460642E+01
   0.41199982E+02  0.12760804E+01
   0.41179108E+02  0.13061254E+01
   0.41158073E+02  0.13362066E+01
   0.41136879E+02  0.13663296E+01
   0.41115513E+02  0.13964982E+01
   0.41093979E+02  0.14267136E+01
   0.41072277E+02  0.14569747E+01
   0.41050400E+02  0.14872777E+01
   0.41028355E+02  0.15176163E+01
   0.41006149E+02  0.15479814E+01
   0.40983791E+02  0.15783633E+01
   0.40961273E+02  0.16087513E+01
   0.40938625E+02  0.16391333E+01
   0.40915833E+02  0.16694982E+01
   0.40892910E+02  0.16998336E+01
   0.40869865E+02  0.17301306E+01
   0.40846706E+02  0.17603779E+01
   0.40823437E+02  0.17905672E+01
   0.40800060E+02  0.18206913E+01
   0.40776577E+02  0.18507423E+01
   0.40752998E+02  0.18807147E+01
   0.40729321E+02  0.19106036E+01
   0.40705547E+02  0.19404042E+01
   0.40681683E+02  0.19701123E+01
   0.40657722E+02  0.19997245E+01
   0.40633675E+02  0.20292382E+01
   0.40609535E+02  0.20586505E+01
   0.40585297E+02  0.20879588E+01
   0.40560974E+02  0.21171606E+01
   0.40536556E+02  0.21462543E+01
   0.40512047E+02  0.21752377E+01
   0.40487442E+02  0.22041082E+01
   0.40462738E+02  0.22328644E+01
   0.40437943E+02  0.22615030E+01
   0.40413044E+02  0.22900236E+01
   0.40388046E+02  0.23184226E+01
   0.40362946E+02  0.23466985E+01
   0.40337742E+02  0.23748477E+01
   0.40312431E+02  0.24028685E+01
   0.40287010E+02  0.24307575E+01
   0.40261486E+02  0.24585114E+01
   0.40235840E+02  0.24861271E+01
   0.40210083E+02  0.25135999E+01
   0.40184196E+02  0.25409274E+01
   0.40158195E+02  0.25681038E+01
   0.40132065E+02  0.25951257E+01
   0.40105804E+02  0.26219869E+01
   0.40079407E+02  0.26486826E+01
   0.40052876E+02  0.26752059E+01
   0.40026199E+02  0.27015507E+01
   0.39999378E+02  0.27277091E+01
   0.39972401E+02  0.27536728E+01
   0.39945263E+02  0.27794342E+01
   0.39917969E+02  0.28049822E+01
   0.39890495E+02  0.28303061E+01
   0.39862850E+02  0.28553936E+01
   0.39835014E+02  0.28802319E+01
   0.39806988E+02  0.29048045E+01
   0.39778759E+02  0.29290955E+01
   0.39750317E+02  0.29530847E+01
   0.39721645E+02  0.29767511E+01
   0.39692738E+02  0.30000689E+01
   0.39663586E+02  0.30230088E+01
   0.39634171E+02  0.30455394E+01
   0.39604473E+02  0.30676205E+01
   0.39574478E+02  0.30892065E+01
   0.39544155E+02  0.31102440E+01
   0.39513500E+02  0.31306682E+01
   0.39482479E+02  0.31504006E+01
   0.39451061E+02  0.31693456E+01
   0.39419212E+02  0.31873820E+01
   0.39386906E+02  0.32043595E+01
   0.39354103E+02  0.32200813E+01
   0.39320774E+02  0.32342892E+01
   0.39286884E+02  0.32466373E+01
   0.39252422E+02  0.32566459E+01
   0.39217442E+02  0.32636402E+01
   0.39182098E+02  0.32666528E+01
   0.39146809E+02  0.32643180E+01
   0.39112545E+02  0.32548585E+01
   0.39081184E+02  0.32365894E+01
   0.39055302E+02  0.32093911E+01
   0.39036579E+02  0.31757376E+01
   0.39024574E+02  0.31388705E+01
   0.39017815E+02  0.31008408E+01
   0.39014946E+02  0.30625770E+01
   0.39014980E+02  0.30244505E+01
   0.39017246E+02  0.29866021E+01
   0.39021278E+02  0.29490767E+01
   0.39026756E+02  0.29118805E+01
   0.39033421E+02  0.28750024E+01
   0.39041100E+02  0.28384261E+01
   0.39049644E+02  0.28021336E+01
   0.39058949E+02  0.27661061E+01
   0.39068928E+02  0.27303286E+01
   0.39079494E+02  0.26947846E+01
   0.39090599E+02  0.26594594E+01
   0.39102188E+02  0.26243410E+01
   0.39114227E+02  0.25894179E+01
   0.39126667E+02  0.25546801E+01
   0.39139477E+02  0.25201182E+01
   0.39152637E+02  0.24857242E+01
   0.39166119E+02  0.24514897E+01
   0.39179905E+02  0.24174089E+01
   0.39193970E+02  0.23834748E+01
   0.39208298E+02  0.23496823E+01
   0.39222878E+02  0.23160262E+01
   0.39237694E+02  0.22825010E+01
   0.39252731E+02  0.22491035E+01
   0.39267990E+02  0.22158294E+01
   0.39283447E+02  0.21826746E+01
   0.39299099E+02  0.21496370E+01
   0.39314938E+02  0.21167128E+01
   0.39330952E+02  0.20838990E+01
   0.39347134E+02  0.20511935E+01
   0.39363480E+02  0.20185940E+01
   0.39379986E+02  0.19860982E+01
   0.39396641E+02  0.19537036E+01
   0.39413445E+02  0.19214088E+01
   0.39430389E+02  0.18892118E+01
   0.39447464E+02  0.18571111E+01
   0.39464680E+02  0.18251051E+01
   0.39482018E+02  0.17931926E+01
   0.39499477E+02  0.17613726E+01
   0.39517067E+02  0.17296431E+01
   0.39534771E+02  0.16980035E+01
   0.39552586E+02  0.16664523E+01
   0.39570511E+02  0.16349891E+01
   0.39588551E+02  0.16036124E+01
   0.39606689E+02  0.15723209E+01
   0.39624935E+02  0.15411142E+01
   0.39643284E+02  0.15099910E+01
   0.39661728E+02  0.14789504E+01
   0.39680279E+02  0.14479910E+01
   0.39698917E+02  0.14171116E+01
   0.39717651E+02  0.13863114E+01
   0.39736477E+02  0.13555886E+01
   0.39755402E+02  0.13249415E+01
   0.39774414E+02  0.12943685E+01
   0.39793514E+02  0.12638673E+01
   0.39812710E+02  0.12334359E+01
   0.39831997E+02  0.12030709E+01
   0.39851379E+02  0.11727694E+01
   0.39870853E+02  0.11425278E+01
   0.39890423E+02  0.11123418E+01
   0.39910084E+02  0.10822060E+01
   0.39929855E+02  0.10521152E+01
   0.39949726E+02  0.10220631E+01
   0.39969711E+02  0.99204212E+00
   0.39989803E+02  0.96204501E+00
   0.40010014E+02  0.93206304E+00
   0.40030354E+02  0.90208703E+00
   0.40050823E+02  0.87210745E+00
   0.40071438E+02  0.84211510E+00
   0.40092194E+02  0.81210083E+00
   0.40113102E+02  0.78205580E+00
   0.40134171E+02  0.75197327E+00
   0.40155399E+02  0.72184771E+00
   0.40176804E+02  0.69167531E+00
   0.40198372E+02  0.66145551E+00
   0.40220112E+02  0.63119024E+00
   0.40242020E+02  0.60088384E+00
   0.40264095E+02  0.57054275E+00
   0.40286331E+02  0.54017580E+00
   0.40308720E+02  0.50979334E+00
   0.40331261E+02  0.47940663E+00
   0.40353935E+02  0.44902718E+00
   0.40376751E+02  0.41866663E+00
   0.40399689E+02  0.38833594E+00
   0.40422756E+02  0.35804594E+00
   0.40445930E+02  0.32780606E+00
   0.40469219E+02  0.29762480E+00
   0.40492607E+02  0.26751021E+00
   0.40516102E+02  0.23746862E+00
   0.40539700E+02  0.20750587E+00
   0.40563385E+02  0.17762719E+00
   0.40587170E+02  0.14783694E+00
   0.40611042E+02  0.11813898E+00
   0.40635006E+02  0.88537104E-01
   0.40659061E+02  0.59033763E-01
   0.40683212E+02  0.29631387E-01
   0.40707447E+02  0.33265154E-03
   0.40731781E+02 -0.28860109E-01
   0.40756207E+02 -0.57944451E-01
   0.40780720E+02 -0.86918563E-01
   0.40805328E+02 -0.11578000E+00
   0.40830032E+02 -0.14452779E+00
   0.40854832E+02 -0.17315890E+00
   0.40879734E+02 -0.20167156E+00
   0.40904732E+02 -0.23006304E+00
   0.40929832E+02 -0.25833079E+00
   0.40955036E+02 -0.28647244E+00
   0.40980350E+02 -0.31448579E+00
   0.41005775E+02 -0.34236759E+00
   0.41031307E+02 -0.37011397E+00
   0.41056946E+02 -0.39772221E+00
   0.41082714E+02 -0.42518884E+00
   0.41108597E+02 -0.45250887E+00
   0.41134602E+02 -0.47967878E+00
   0.41160732E+02 -0.50669301E+00
   0.41186993E+02 -0.53354669E+00
   0.41213390E+02 -0.56023341E+00
   0.41239925E+02 -0.58674783E+00
   0.41266602E+02 -0.61308229E+00
   0.41293430E+02 -0.63923103E+00
   0.41320412E+02 -0.66518480E+00
   0.41347549E+02 -0.69093329E+00
   0.41374855E+02 -0.71646798E+00
   0.41402328E+02 -0.74177712E+00
   0.41429985E+02 -0.76684809E+00
   0.41457825E+02 -0.79166734E+00
   0.41485867E+02 -0.81621927E+00
   0.41514111E+02 -0.84048665E+00
   0.41542568E+02 -0.86444837E+00
   0.41571251E+02 -0.88808382E+00
   0.41600178E+02 -0.91136569E+00
   0.41629349E+02 -0.93426555E+00
   0.41658791E+02 -0.95674801E+00
   0.41688522E+02 -0.97877419E+00
   0.41718548E+02 -0.10002967E+01
   0.41748898E+02 -0.10212582E+01
   0.41779594E+02 -0.10415940E+01
   0.41810673E+02 -0.10612204E+01
   0.41842148E+02 -0.10800365E+01
   0.41874058E+02 -0.10979182E+01
   0.41906437E+02 -0.11147033E+01
   0.41939323E+02 -0.11301868E+01
   0.41972744E+02 -0.11440923E+01
   0.42006733E+02 -0.11560498E+01
   0.42041290E+02 -0.11655439E+01
   0.42076359E+02 -0.11718450E+01
   0.42111732E+02 -0.11739079E+01
   0.42146915E+02 -0.11702652E+01
   0.42180771E+02 -0.11590836E+01
   0.42199879E+02 -0.11478736E+01
