# catl.18
# nam=1 afr=2 -360 fz=5
# --------------------------------------------------------------------
 1  1	  37.5053  -38.0916   4.0  1 
 1  1	  37.4039  -38.1255   4.0  1 
 1  1	  37.2789  -38.1711   4.0  1 
 2  1	  36.1371  -28.3986   4.0  1 
 2  1	  36.0538  -28.4146   4.0  1 
 2  1	  35.8547  -28.4605   4.0  1 
 2  1	  35.6885  -28.4823   4.0  1 
 1  2	  32.1016  -46.1317   4.0  1 
 1  2	  31.8411  -46.3167   4.0  1 
 1  2	  31.6984  -46.4263   4.0  1 
 2  2	  29.9769  -36.1527   4.0  1 
 2  2	  29.8803  -36.2140   4.0  1 
 2  2	  29.6229  -36.3939   4.0  1 
 2  2	  29.3931  -36.5620   4.0  1 
 1  3	  31.1510  -47.5800   5.0  5 Atlantis
 1  3	  31.1100  -47.4200   5.0  5 
 1  3	  31.0690  -47.2770   5.0  5 
 1  3	  31.0140  -47.0860   5.0  5 
 2  3	  28.9490  -37.4200   4.0  1 
 2  3	  28.9350  -37.2610   4.0  1 
 2  3	  28.9210  -37.1180   4.0  1 
 2  3	  28.9070  -36.9590   4.0  1 
 1  4	  31.0529  -47.7445   4.0  1 
 1  4	  30.7976  -47.9412   4.0  1 
 1  4	  30.6283  -48.1261   4.0  1 
 1  4	  30.4549  -48.1814   4.0  1 
 1  4	  30.1335  -48.4127   4.0  1 
 2  4	  28.0651  -38.1210   4.0  1 
 1  5	  28.6426  -49.3084   4.0  1 
 1  5	  28.5425  -49.3771   4.0  1 
 1  5	  28.4436  -49.4465   4.0  1 
 2  5	  26.6329  -38.9283   4.0  1 
 2  5	  26.5072  -39.0001   4.0  1 
 2  5	  26.3430  -39.0316   4.0  1 
 1  6	  28.2463  -49.5107   4.0  1 
 1  6	  28.1139  -49.5039   4.0  1 
 2  6	  26.0104  -39.2016   4.0  1 
 2  6	  25.9051  -39.2343   4.0  1 
 1  7	  27.9132  -49.6735   4.0  1 
 1  7	  27.7319  -49.7912   4.0  1 
 1  7	  27.6346  -49.8544   4.0  1 
 1  7	  27.4989  -49.8729   4.0  1 
 2  7	  25.6954  -39.3538   4.0  1 
 2  7	  25.3484  -39.4985   4.0  1 
 1  8	  27.2147  -49.9305   4.0  1 
 1  8	  27.1943  -49.9955   4.0  1 
 1  8	  27.0978  -50.0670   4.0  1 
 2  8	  25.0778  -39.5977   4.0  1 
 2  8	  24.9329  -39.6618   4.0  1 
 2  8	  24.8213  -39.7256   4.0  1 
 1  9	  26.9060  -50.1455   4.0  1 
 1  9	  26.7373  -50.2016   4.0  1 
 2  9	  24.6297  -39.7660   4.0  1 
 2  9	  24.4561  -39.8074   4.0  1 
 2  9	  24.3245  -39.8317   4.0  1 
 1  10	  26.5169  -50.3294   4.0  1 
 1  10	  26.3558  -50.3519   4.0  1 
 1  10	  26.3248  -50.3791   4.0  1 
 2  10	  24.1963  -39.9212   4.0  1 
 2  10	  24.1251  -39.9247   4.0  1 
 1  11	  25.9462  -50.7418   4.0  1 
 2  11	  23.8277  -40.0392   4.0  1 
 2  11	  23.7555  -40.1265   4.0  1 
 2  11	  23.6397  -40.1917   4.0  1 
 1  12	  25.8285  -50.8899   4.0  1 
 1  12	  25.6032  -51.0499   4.0  1 
 1  12	  25.4874  -51.0877   4.0  1 
31  12	  25.2524  -51.3415   4.0  1 
31  12	  25.1919  -51.3501   4.0  1 
 2  12	  23.5035  -40.3185   4.0  1 
 2  12	  23.4224  -40.3674   4.0  1 
 2  12	  23.3419  -40.3972   4.0  1 
 1  13	  24.9832  -51.4108   5.0  5 Kane
 1  13	  24.9214  -51.1878   5.0  5 
 1  13	  24.8814  -50.9835   5.0  5 
 1  13	  24.8357  -50.7901   5.0  5 
 2  13	  22.6783  -40.5688   5.0  5 
 2  13	  22.6401  -40.3981   5.0  5 
 2  13	  22.6163  -40.2624   5.0  5 
 2  13	  22.6012  -40.2103   5.0  5 
 1  14	  24.0355  -50.7830   4.0  1 
 1  14	  23.8762  -50.7713   4.0  1 
 1  14	  23.7512  -50.8063   4.0  1 
32  14	  22.5294  -40.1839   4.0  1 
32  14	  22.4172  -40.1882   4.0  1 
32  14	  22.3432  -40.2029   4.0  1 
32  14	  22.1473  -40.2239   4.0  1 
 2  14	  22.0673  -40.2578   4.0  1 
 2  14	  21.8398  -40.2219   4.0  1 
 2  14	  21.5508  -40.2480   4.0  1 
 1  15	  23.3337  -50.9003   4.0  1 
 1  15	  23.1296  -50.9357   4.0  1 
 1  15	  22.9660  -50.9199   4.0  1 
 1  15	  22.8738  -50.9674   4.0  1 
 2  15	  21.3050  -40.2345   4.0  1 
 2  15	  21.2485  -40.2493   4.0  1 
 2  15	  21.1307  -40.2721   4.0  1 
 2  15	  20.8797  -40.2833   4.0  1 
 2  15	  20.5905  -40.3594   4.0  1 
 2  15	  20.3489  -40.3706   4.0  1 
