# catl.32
# nam=1 afr=2 -360 fz=5
# --------------------------------------------------------------------
31  1	  37.5188  -44.0827   5.0  5 Tydeman
31  1	  37.5057  -44.2178   5.0  5 
31  1	  37.5248  -44.5152   5.0  5 
31  1	  37.5428  -44.5964   5.0  5 
32  1	  36.1036  -24.1934   5.0  5 
32  1	  36.1157  -24.1138   5.0  5 
32  1	  36.1370  -23.9066   5.0  5 
 1  1	  36.6067  -44.9493   5.0  5 
 1  1	  36.4102  -45.0261   5.0  5 
 2  1	  35.2331  -24.6980   5.0  5 
 1  2	  32.5028  -51.1595   4.0  1 
 2  2	  31.0361  -30.3558   4.0  1 
 2  2	  30.8656  -30.3836   4.0  1 
 2  2	  30.6589  -30.5205   4.0  1 
 1  3	  32.1382  -51.3709   4.0  1 
 2  3	  30.1866  -30.7453   4.0  1 
 2  3	  30.0014  -30.6830   4.0  1 
 1  4	  31.6617  -51.8326   4.0  1 
 1  4	  31.4078  -51.9576   4.0  1 
 1  4	  31.2023  -51.9685   4.0  1 
 1  4	  31.1446  -52.0469   4.0  1 
 2  4	  29.6661  -31.0399   4.0  1 
 2  4	  29.4144  -31.0813   4.0  1 
31  5	  31.2210  -53.1290   5.0  5 Atlantis
 1  5	  31.1600  -52.9680   5.0  5 
 1  5	  31.1200  -52.7050   5.0  5 
 2  5	  29.2430  -31.6180   5.0  5 
 2  5	  29.2550  -31.3990   5.0  5 
 2  5	  29.2550  -31.1950   5.0  5 
 1  6	  30.9647  -53.2093   4.0  1 
 1  6	  30.5396  -53.3022   4.0  1 
 2  6	  29.1103  -32.2749   4.0  1 
 2  6	  28.8620  -32.3577   4.0  1 
 2  6	  28.6452  -32.4005   4.0  1 
 1  7	  29.9366  -53.8803   4.0  1 
 1  7	  29.7796  -54.0500   4.0  1 
 1  7	  29.6997  -54.1118   4.0  1 
 1  7	  29.5711  -54.1822   4.0  1 
 1  7	  29.4511  -54.3000   4.0  1 
 2  7	  28.4112  -32.6001   4.0  1 
 2  7	  28.2687  -32.6868   4.0  1 
 2  7	  27.5659  -33.2307   4.0  1 
 1  8	  29.2038  -54.2598   4.0  1 
 1  8	  29.1677  -54.2671   4.0  1 
 1  8	  29.1182  -54.2942   4.0  1 
 2  8	  27.2072  -33.3322   4.0  1 
 2  8	  27.1623  -33.3835   4.0  1 
 1  9	  28.8683  -54.5469   4.0  1 
 1  9	  28.8246  -54.5884   4.0  1 
 1  9	  28.7043  -54.6054   4.0  1 
 1  9	  28.5684  -54.6881   4.0  1 
 2  9	  26.9919  -33.3744   4.0  1 
 2  9	  26.5612  -33.6379   4.0  1 
 1  10	  28.3936  -54.9386   4.0  1 
 1  10	  28.2954  -54.9365   4.0  1 
 2  10	  26.4580  -33.7390   4.0  1 
 1  11	  28.2023  -54.8720   4.0  1 
 1  11	  28.0996  -54.8905   4.0  1 
 1  11	  28.0063  -54.9330   4.0  1 
 1  11	  27.9213  -54.9873   4.0  1 
 1  11	  27.8227  -55.0854   4.0  1 
 1  11	  27.6931  -55.1263   4.0  1 
 2  11	  26.1318  -33.8287   4.0  1 
 2  11	  25.8094  -33.9775   4.0  1 
 1  12	  27.4947  -55.3203   4.0  1 
 1  12	  27.4120  -55.3444   4.0  1 
 1  12	  27.3747  -55.3442   4.0  1 
 2  12	  25.6384  -33.9972   4.0  1 
 2  12	  25.4467  -34.0536   4.0  1 
32  13	  25.1315  -34.1318   4.0  1 
32  13	  24.9687  -34.1570   4.0  1 
 1  13	  26.7959  -55.5959   4.0  1 
 1  13	  26.5305  -55.6962   4.0  1 
 1  13	  26.4487  -55.7587   4.0  1 
 2  13	  24.9179  -34.2800   4.0  1 
 2  13	  24.8329  -34.3023   4.0  1 
 2  13	  24.7038  -34.4270   4.0  1 
 2  13	  24.5870  -34.5331   4.0  1 
 2  13	  24.5454  -34.4963   4.0  1 
 1  14	  26.2631  -55.8259   4.0  1 
 1  14	  26.1951  -55.9229   4.0  1 
 2  14	  24.2141  -34.7480   4.0  1 
 1  15	  25.9377  -56.7887   4.0  1 
 1  15	  25.8794  -56.8041   4.0  1 
 2  15	  23.9454  -35.5106   4.0  1 
 2  15	  23.8722  -35.5089   4.0  1 
 1  16	  25.6996  -56.8728   4.0  1 
 1  16	  25.5415  -57.0232   4.0  1 
 1  16	  25.4442  -57.0760   4.0  1 
 1  16	  25.3825  -57.0866   4.0  1 
 2  16	  23.7333  -35.6363   4.0  1 
 2  16	  23.7060  -35.6268   4.0  1 
 2  16	  23.5279  -35.6577   4.0  1 
 2  16	  23.4242  -35.6780   4.0  1 
 2  16	  23.3212  -35.7237   4.0  1 
 2  16	  23.2807  -35.7513   4.0  1 
 2  16	  23.0799  -35.8008   4.0  1 
31  18	  25.1397  -57.1445   5.0  5 Kane
31  18	  25.1256  -57.0189   5.0  5 
 1  17	  25.0971  -56.8856   5.0  5 
 1  17	  25.1042  -56.7526   5.0  5 
 1  17	  25.1031  -56.6270   5.0  5 
 1  17	  25.0575  -56.4497   5.0  5 
31  18	  25.0653  -56.2996   5.0  5 
31  18	  25.0469  -56.1547   5.0  5 
 2  17	  22.9854  -35.5350   5.0  5 
 2  17	  23.0127  -35.3970   5.0  5 
 2  17	  23.0204  -35.2818   5.0  5 
 2  17	  22.9913  -35.1604   5.0  5 
 2  17	  23.0003  -35.0527   5.0  5 
 2  17	  22.9794  -34.9321   5.0  5 
32  18	  23.0033  -34.7378   5.0  5 
32  18	  22.9983  -34.5993   5.0  5 
32  18	  22.9948  -34.5389   5.0  5 
 1  18	  24.8783  -55.8855   4.0  1 
 1  18	  24.7849  -55.9226   4.0  1 
 1  18	  24.6971  -55.9262   4.0  1 
 1  18	  24.6696  -55.9171   4.0  1 
 1  18	  24.6426  -55.9114   4.0  1 
 1  18	  24.5514  -55.9691   4.0  1 
 1  18	  24.5005  -55.9846   4.0  1 
 2  18	  22.8641  -34.5868   4.0  1 
 2  18	  22.7300  -34.6148   4.0  1 
 2  18	  22.6021  -34.6173   4.0  1 
 2  18	  22.4329  -34.6859   4.0  1 
 1  19	  24.0622  -56.1073   4.0  1 
 1  19	  23.8315  -56.2438   4.0  1 
 2  19	  21.9766  -34.7906   4.0  1 
 2  19	  21.8716  -34.7904   4.0  1 
 1  20	  23.5333  -56.2384   4.0  1 
 1  20	  23.3163  -56.3495   4.0  1 
 2  20	  21.5057  -34.9482   4.0  1 
 2  20	  21.3844  -34.9693   4.0  1 
 1  21	  22.9297  -56.6792   4.0  1 
 1  21	  22.8691  -56.7412   4.0  1 
 2  21	  20.7772  -35.2145   4.0  1 
 2  21	  20.6406  -35.2624   4.0  1 
32  22	  20.2951  -35.3337   4.0  1 
 1  22	  19.5656  -57.3614   4.0  1 
 1  22	  19.4355  -57.3708   4.0  1 
 1  22	  19.0374  -57.5748   4.0  1 
 1  22	  18.9696  -57.5572   4.0  1 
 2  22	  17.1447  -35.9535   4.0  1 
 1  23	  18.2384  -57.6657   4.0  1 
 1  23	  18.0345  -57.6925   4.0  1 
 2  23	  16.1558  -36.0450   4.0  1 
 1  24	  17.7190  -57.7941   4.0  1 
 1  24	  17.7011  -57.8351   4.0  1 
 1  24	  17.5799  -57.8886   4.0  1 
 1  24	  17.4432  -58.0112   4.0  1 
 1  24	  17.2064  -58.1016   4.0  1 
 2  24	  14.8804  -36.3179   4.0  1 
31  26	  26.1970  -56.6980   5.0  5 Northern
 1  25	  26.1710  -56.4930   5.0  5 
 1  25	  26.1450  -56.2880   5.0  5 
 1  25	  26.1450  -56.1420   5.0  5 
 1  25	  26.1000  -55.9620   5.0  5 
 2  25	  24.0720  -35.2260   5.0  5 
 2  25	  24.0720  -35.0660   5.0  5 
 2  25	  24.0720  -34.9490   5.0  5 
 2  25	  24.0720  -34.7880   5.0  5 
