# catl.05
# nam=1 afr=2 -360 fz=5
# --------------------------------------------------------------------
1	1	37.4473	-34.1803	4	1
1	1	37.1476	-34.4792	4	1
1	1	37.0419	-34.4546	4	1
1	1	36.9864	-34.4591	4	1
1	2	36.7023	-34.5944	4	1
1	3	35.708	-35.5568	4	1
1	3	35.6574	-35.761         4	1
1	5	33.4604	-40.4989	4	1
1	5	33.3115	-40.5823	4	1
1	6	32.6618	-41.102         4	1
1	6	32.4735	-41.2229	4	1
1	6	32.4182	-41.3377	4	1
1	7	31.9813	-41.6607	4	1
1	7	31.7588	-41.7868	4	1
1	7	31.4025	-42.0876	4	1
1	8	30.9494	-42.8446	4	1
1	8	30.9045	-42.8443	4	1
1	8	30.8425	-42.9276	4	1
1	8	30.6122	-43.1154	4	1
1	8	30.2477	-43.3544	4	1
1	8	30.1724	-43.4081	4	1
1	9	30.1525	-43.7475	4	1
1	10	29.7817	-43.9686	4	1
1	10	29.7327	-44.0541	4	1
1	10	29.6086	-44.1842	4	1
1	11	29.5373	-44.371         4	1
1	11	29.466	-44.3637	4	1
1	11	29.3996	-44.3283	4	1
1	11	29.3058	-44.3448	4	1
1	12	29.1446	-44.4665	4	1
1	12	29.1041	-44.4833	4	1
1	12	29.0625	-44.5016	4	1
1	12	29.0275	-44.5048	4	1
1	13	28.448	-45.1258	4	1
1	13	28.375	-45.1761	4	1
1	13	28.3123	-45.2127	4	1
1	13	28.2608	-45.2007	4	1
1	13	28.2352	-45.2197	4	1
1	14	28.1185	-45.2388	4	1
1	14	28.0412	-45.2534	4	1
1	14	27.9721	-45.3002	4	1
1	15	27.7866	-45.3717	4	1
1	15	27.7061	-45.367         4	1
1	16	27.6862	-45.4369	4	1
1	16	27.6387	-45.4215	4	1
1	16	27.5946	-45.4452	4	1
1	16	27.5303	-45.4619	4	1
1	16	27.4634	-45.5136	4	1
1	17	27.4151	-45.5105	4	1
1	17	27.3581	-45.5266	4	1
1	17	27.2947	-45.5852	4	1
1	18	27.1253	-45.6375	4	1
1	18	27.0361	-45.6815	4	1
1	18	26.9838	-45.6942	4	1
1	18	26.8602	-45.7187	4	1
1	18	26.7723	-45.7127	4	1
1	18	26.6311	-45.7488	4	1
1	18	26.5805	-45.7724	4	1
1	18	26.5355	-45.7646	4	1
1	18	26.5114	-45.7761	4	1
1	19	26.0133	-46.1884	4	1
1	19	25.9898	-46.1855	4	1
1	19	25.9488	-46.199         4	1
1	19	25.9241	-46.1988	4	1
1	19	25.9067	-46.2014	4	1
1	19	25.8778	-46.2671	4	1
1	19	25.8151	-46.279         4	1
1	19	25.8032	-46.2988	4	1
1	19	25.7382	-46.2785	4	1
1	19	25.6944	-46.3187	4	1
1	20	25.5962	-46.342         4	1
1	21	25.5202	-46.5534	4	1
1	21	25.4828	-46.5813	4	1
1	21	25.4624	-46.6463	4	1
1	21	25.4321	-46.6242	4	1
1	21	25.3383	-46.699         4	1
1	22	25.1543	-46.811         4	1
1	22	25.0983	-46.7976	4	1
1	22	25.0702	-46.8008	4	1
1	22	25.0203	-46.797         4	1
1	22	24.9846	-46.8272	4	1
1	23	24.9185	-46.9173	4	1
1	23	24.9065	-46.9591	4	1
1	23	24.8457	-46.9821	4	1
1	24	24.6933	-47.3077	4	1
1	24	24.6422	-47.3822	4	1
1	24	24.543	-47.4145	4	1
1	25	24.3641	-47.5472	4	1
1	25	24.2578	-47.5693	4	1
1	25	24.2371	-47.5431	4	1
1	25	24.1255	-47.6062	4	1
1	28	23.7205	-46.3693	4	1
1	28	23.6493	-46.336         4	1
1	28	23.5905	-46.3535	4	1
1	28	23.4987	-46.3852	4	1
1	29	23.3232	-46.4281	4	1
1	29	23.2744	-46.4251	4	1
1	29	23.0361	-46.3949	4	1
1	29	22.9307	-46.4067	4	1
1	29	22.8685	-46.4077	4	1
1	30	22.7023	-46.4499	4	1
1	30	22.5496	-46.4457	4	1
1	30	22.4539	-46.4773	4	1
1	31	22.1078	-46.5268	4	1
1	32	21.4479	-46.7597	4	1
1	32	21.3824	-46.7655	4	1
1	33	20.2353	-46.8907	4	1
1	34	18.6694	-47.3016	4	1
1	34	18.5656	-47.2812	4	1
1	35	17.8152	-47.6904	4	1
1	35	17.7248	-47.6385	4	1
1	36	17.3703	-47.7003	4	1
1	36	17.2644	-47.6914	4	1
1	37	17.0518	-47.6628	4	1
1	37	17.0229	-47.6613	4	1
1	38	16.7078	-47.7548	4	1
1	38	16.6535	-47.7813	4	1
1	38	16.5112	-47.8394	4	1
1	38	16.2995	-47.8725	4	1
1	39	16.0187	-47.8916	4	1
1	39	15.778	-47.9307	4	1
1	39	15.699	-47.9247	4	1
2	1	36.9657	-31.9351	4	1
2	1	36.7908	-32.0463	4	1
2	2	36.4708	-32.3673	4	1
2	2	36.4238	-32.3595	4	1
2	2	36.2152	-32.4879	4	1
2	3	35.2588	-33.5151	4	1
2	5	33.3667	-38.2357	4	1
2	5	33.2239	-38.2413	4	1
2	5	33.109	-38.2941	4	1
2	6	32.0656	-38.9992	4	1
2	7	31.6583	-39.3183	4	1
2	7	31.3135	-39.5843	4	1
2	7	31.2029	-39.6625	4	1
2	7	31.1129	-39.6938	4	1
2	8	30.2533	-40.6906	4	1
2	8	30.1145	-40.7898	4	1
2	9	29.8633	-41.2801	4	1
2	9	29.6032	-41.5596	4	1
2	10	29.4676	-41.5765	4	1
2	10	29.2547	-41.8227	4	1
2	11	28.797	-41.9952	4	1
2	12	28.6963	-42.1613	4	1
2	13	28.1261	-42.7461	4	1
2	13	28.0578	-42.7696	4	1
2	13	28.0341	-42.7708	4	1
2	13	28.0294	-42.7392	4	1
2	13	28.0012	-42.7781	4	1
2	13	27.9702	-42.7745	4	1
2	14	27.9217	-42.8462	4	1
2	14	27.8045	-42.8763	4	1
2	14	27.782	-42.8802	4	1
2	14	27.7257	-42.9059	4	1
2	14	27.641	-42.9932	4	1
2	15	27.499	-43.0313	4	1
2	15	27.4593	-43.031         4	1
2	15	27.3921	-43.0217	4	1
2	15	27.3718	-43.0243	4	1
2	16	27.2778	-43.0847	4	1
2	16	27.2037	-43.0739	4	1
2	16	27.1308	-43.072         4	1
2	17	27.038	-43.105         4	1
2	17	26.9825	-43.1348	4	1
2	17	26.8543	-43.2074	4	1
2	18	26.7904	-43.2975	4	1
2	18	26.7584	-43.2966	4	1
2	18	26.5919	-43.3408	4	1
2	18	26.5505	-43.3432	4	1
2	18	26.5069	-43.3271	4	1
2	18	26.4772	-43.3365	4	1
2	18	26.4185	-43.3547	4	1
2	18	26.4038	-43.3388	4	1
2	18	26.2955	-43.3717	4	1
2	19	25.738	-43.7912	4	1
2	19	25.6887	-43.8232	4	1
2	19	25.5608	-43.823         4	1
2	19	25.5306	-43.8681	4	1
2	19	25.4444	-43.8339	4	1
2	19	25.3387	-43.9059	4	1
2	20	25.2283	-43.9168	4	1
2	20	25.1688	-43.9672	4	1
2	20	25.1078	-44.0429	4	1
2	21	25.0324	-44.3244	4	1
2	21	24.9709	-44.3612	4	1
2	22	24.9146	-44.3541	4	1
2	22	24.8652	-44.3435	4	1
2	22	24.7967	-44.4042	4	1
2	22	24.7015	-44.416         4	1
2	22	24.6544	-44.4253	4	1
2	23	24.4914	-44.5595	4	1
2	23	24.3876	-44.7455	4	1
2	23	24.3118	-44.8178	4	1
2	24	24.1826	-45.018         4	1
2	24	24.1535	-45.0549	4	1
2	24	24.1136	-45.115         4	1
2	25	24.041	-45.1681	4	1
2	25	23.9956	-45.1775	4	1
2	25	23.9367	-45.2299	4	1
2	25	23.8087	-45.2162	4	1
2	28	23.3716	-44.0266	4	1
2	28	23.2828	-44.0446	4	1
2	28	23.243	-44.0307	4	1
2	28	23.1362	-44.0863	4	1
2	29	23.026	-44.048         4	1
2	29	22.9703	-44.0113	4	1
2	29	22.9341	-44.0098	4	1
2	29	22.9491	-44.0654	4	1
2	29	22.8545	-44.0505	4	1
2	29	22.7395	-44.0505	4	1
2	29	22.5958	-44.0244	4	1
2	30	22.1553	-44.12          4	1
2	31	22.0075	-44.0362	4	1
2	31	21.9154	-44.0213	4	1
2	31	21.7404	-44.0924	4	1
2	32	21.1744	-44.3684	4	1
2	32	20.7698	-44.4409	4	1
2	32	20.6451	-44.4896	4	1
2	33	20.201	-44.4028	4	1
2	33	19.2976	-44.7311	4	1
2	33	19.0552	-44.7627	4	1
2	34	18.3839	-44.8009	4	1
2	34	18.0723	-44.9466	4	1
2	35	17.7046	-45.1454	4	1
2	35	17.5784	-45.1838	4	1
2	35	17.315	-45.2633	4	1
2	36	16.9578	-45.3066	4	1
2	37	16.6548	-45.344         4	1
2	37	16.5339	-45.3625	4	1
2	37	16.4858	-45.3431	4	1
2	38	16.3139	-45.3387	4	1
2	38	16.2299	-45.3307	4	1
2	38	16.0097	-45.4166	4	1
2	39	15.7101	-45.4307	4	1
2	39	15.6531	-45.4167	4	1
2	39	15.5296	-45.4332	4	1
1	4	35.069	-37.5453	5	5
1	4	34.977	-37.735         5	5
1	26	23.9968	-47.6555	5	5
1	26	23.9814	-47.5697	5	5
1	26	23.9869	-47.4717	5	5
1	26	23.9571	-47.3576	5	5
1	26	23.9739	-47.274         5	5
1	26	23.9611	-47.1724	5	5
1	40	30.254	-43.571         5	5
1	40	30.224	-43.418         5	5
1	27	23.9186	-47.094         5	5
1	27	23.9095	-47.0144	5	5
1	27	23.9029	-46.9286	5	5
1	27	23.8977	-46.8298	5	5
1	27	23.886	-46.755	        5	5
1	27	23.8751	-46.6603	5	5
2	4	34.4237	-35.6257	5	5
2	26	23.6624	-45.261	        5	5
2	26	23.6413	-45.1621	5	5
2	26	23.6347	-45.0688	5	5
2	26	23.6236	-44.9871	5	5
2	26	23.622	-44.9102	5	5
2	26	23.6433	-44.7847	5	5
2	26	23.6373	-44.6968	5	5
2	40	29.854	-41.156         5	5
2	40	29.825	-41.003         5	5
2	27	23.5725	-44.6287	5	5
2	27	23.5563	-44.5491	5	5
2	27	23.5712	-44.4709	5	5
2	27	23.5607	-44.4015	5	5
2	27	23.5426	-44.3219	5	5
2	27	23.5498	-44.2595	5	5
2	27	23.5439	-44.1544	5	5
2	27	23.5226	-44.0912	5	5
2	27	23.509	-44.0205	5	5