# catl.30
# nam=1 afr=2 -360 fz=5
# --------------------------------------------------------------------
 1  1	  38.0481  -42.8777   4.0  1 
 2  1	  36.7789  -23.7150   4.0  1 
 2  1	  36.7412  -23.7300   4.0  1 
 2  1	  36.6986  -23.7395   4.0  1 
 2  1	  36.6560  -23.7428   4.0  1 
 2  1	  36.5337  -23.7528   4.0  1 
 2  1	  36.4089  -23.7696   4.0  1 
31  1	  37.5820  -43.1500   5.0  5 Tydeman
31  1	  37.5700  -43.4270   5.0  5 
31  1	  37.5470  -43.6170   5.0  5 
31  1	  37.5240  -43.8930   5.0  5 
32  1	   0.0000    0.0000   5.0  5 
32  1	  36.0740  -24.5960   5.0  5 
32  1	  36.0980  -24.3920   5.0  5 
32  1	  36.1090  -24.1590   5.0  5 
32  1	  36.1330  -23.9100   5.0  5 
31  4	  36.6466  -44.5268   5.0  5 
31  4	  36.4953  -44.6753   5.0  5 
32  4	  35.0018  -25.7877   5.0  5 
32  4	  34.9181  -25.8458   5.0  5 
31  4	  32.4863  -50.4169   5.0  5 
32  4	  31.0369  -30.9574   5.0  5 
32  4	  30.7032  -31.1544   5.0  5 
32  4	  30.6520  -31.2152   5.0  5 
32  4	  30.4166  -31.2439   5.0  5 
 1  2	  31.8664  -50.9016   4.0  1 
 1  2	  31.6004  -51.0904   4.0  1 
 1  2	  31.3257  -51.0363   4.0  1 
 2  2	  29.9399  -31.5317   4.0  1 
 2  2	  29.7940  -31.5387   4.0  1 
 2  2	  29.6009  -31.6540   4.0  1 
 2  2	  29.4489  -31.6362   4.0  1 
 2  2	  29.4352  -31.6723   4.0  1 
31  3	  31.0700  -51.9590   5.0  5 Atlantis
 1  3	  31.0450  -52.1640   5.0  5 
 1  3	  31.0950  -52.3540   5.0  5 
31  3	  31.1080  -52.5880   5.0  5 
 2  3	  29.3060  -32.4600   5.0  5 
 2  3	  29.2930  -32.2550   5.0  5 
 2  3	  29.2800  -32.0360   5.0  5 
 2  3	  29.2540  -31.8320   5.0  5 
32  3	  29.2420  -31.6860   5.0  5 
 1  4	  30.8325  -52.6718   4.0  1 
 1  4	  30.7733  -52.6816   4.0  1 
 2  4	  28.9120  -33.0342   4.0  1 
 1  5	  30.2887  -52.9333   4.0  1 
 1  5	  30.1630  -53.0463   4.0  1 
 2  5	  28.4682  -33.3076   4.0  1 
 2  5	  28.3770  -33.3293   4.0  1 
 2  5	  28.1471  -33.5009   4.0  1 
 2  5	  28.0983  -33.4225   4.0  1 
 1  6	  29.8565  -53.2163   4.0  1 
 1  6	  29.8037  -53.2515   4.0  1 
 1  6	  29.7318  -53.3718   4.0  1 
 1  6	  29.6613  -53.4412   4.0  1 
 2  6	  27.7447  -33.7229   4.0  1 
 2  6	  27.6947  -33.7652   4.0  1 
 1  7	  29.4921  -53.4805   4.0  1 
 1  7	  29.4488  -53.5014   4.0  1 
 1  7	  29.3622  -53.5317   4.0  1 
 1  7	  29.2170  -53.5896   4.0  1 
 2  7	  27.4415  -33.8747   4.0  1 
 2  7	  27.3054  -33.8888   4.0  1 
 1  8	  29.0144  -53.6465   4.0  1 
 1  8	  28.9217  -53.7233   4.0  1 
 1  8	  28.7875  -53.8513   4.0  1 
 1  8	  28.7080  -53.9200   4.0  1 
 1  8	  28.6720  -53.9651   4.0  1 
 1  8	  28.5381  -54.1054   4.0  1 
 1  8	  28.3874  -54.1866   4.0  1 
 1  8	  28.2082  -54.3212   4.0  1 
 2  8	  27.0048  -34.0345   4.0  1 
 2  8	  26.6828  -34.2861   4.0  1 
 2  8	  26.4223  -34.4016   4.0  1 
 1  9	  28.1529  -54.4285   4.0  1 
 1  9	  28.0131  -54.4275   4.0  1 
 1  9	  27.9208  -54.4803   4.0  1 
 1  9	  27.8615  -54.5210   4.0  1 
 1  9	  27.7959  -54.4883   4.0  1 
 2  9	  26.0657  -34.5752   4.0  1 
 2  9	  26.0415  -34.6214   4.0  1 
 2  9	  25.8211  -34.6924   4.0  1 
 1  10	  27.5177  -54.5776   4.0  1 
 1  10	  27.4453  -54.6203   4.0  1 
 1  10	  27.4129  -54.6145   4.0  1 
 1  10	  27.3150  -54.6234   4.0  1 
 1  10	  27.2126  -54.7345   4.0  1 
 2  10	  25.4989  -34.8110   4.0  1 
 2  10	  25.4583  -34.8611   4.0  1 
 2  10	  25.2816  -34.8978   4.0  1 
 2  10	  25.2494  -34.9254   4.0  1 
 1  11	  26.7446  -54.9541   4.0  1 
 1  11	  26.5842  -55.0099   4.0  1 
 2  11	  24.9370  -35.0319   4.0  1 
 2  11	  24.8714  -35.0534   4.0  1 
 2  11	  24.6333  -35.0749   4.0  1 
 1  12	  26.4183  -55.1068   4.0  1 
 2  12	  24.3612  -35.2928   4.0  1 
 2  12	  24.2938  -35.2787   4.0  1 
 1  13	  25.6048  -55.9667   4.0  1 
 1  13	  25.5588  -55.9677   4.0  1 
 2  13	  23.5983  -36.2591   4.0  1 
 2  13	  23.5366  -36.3184   4.0  1 
 2  13	  23.4260  -36.3483   4.0  1 
 1  14	  25.3215  -56.2980   4.0  1 
 1  14	  25.1805  -56.3306   4.0  1 
 2  14	  23.1724  -36.3369   4.0  1 
 1  15	  26.0670  -55.2390   5.0  5 Northern
 1  15	  26.0670  -55.4430   5.0  5 
 1  15	  26.0940  -55.6330   5.0  5 
 2  16	  24.0790  -35.9640   4.0  1 
 2  16	  24.0920  -35.7450   4.0  1 
 2  16	  24.1050  -35.5840   4.0  1 
 2  16	  24.0920  -35.3940   4.0  1 
 1  17	  25.0662  -56.3613   5.0  5 Kane
 1  17	  25.0539  -56.2316   5.0  5 
 1  17	  25.0091  -56.1071   5.0  5 
 1  17	  24.9832  -55.9595   5.0  5 
 1  17	  24.9749  -55.8003   5.0  5 
 1  17	  24.9603  -55.6308   5.0  5 
31  17	  24.9532  -55.4723   5.0  5 
31  17	  24.9292  -55.3294   5.0  5 
 2  17	  22.9539  -36.3110   5.0  5 
 2  17	  22.9760  -36.1449   5.0  5 
 2  17	  22.9890  -36.0639   5.0  5 
 2  17	  22.9887  -36.0008   5.0  5 
 2  17	  23.0187  -35.8827   5.0  5 
32  17	  22.9989  -35.7236   5.0  5 
32  17	  22.9768  -35.6071   5.0  5 
 1  18	  24.7374  -55.0149   4.0  1 
 1  18	  24.5911  -55.0826   4.0  1 
 1  18	  24.5110  -55.1644   4.0  1 
 1  18	  24.3879  -55.2968   4.0  1 
 2  18	  22.4121  -35.3109   4.0  1 
 2  18	  22.3276  -35.3888   4.0  1 
 1  19	  24.0971  -55.3491   4.0  1 
 1  19	  23.6558  -55.4128   4.0  1 
 2  19	  22.0472  -35.4016   4.0  1 
 2  19	  21.6161  -35.5398   4.0  1 
 1  20	  23.0642  -55.8695   4.0  1 
 2  20	  21.0176  -35.7842   4.0  1 
 2  20	  20.8568  -35.8500   4.0  1 
 2  20	  20.1119  -36.0546   4.0  1 
 1  21	  19.6701  -56.6979   4.0  1 
 1  21	  19.2687  -56.6061   4.0  1 
 2  21	  17.1815  -36.5191   4.0  1 
 1  22	  18.6547  -56.6728   4.0  1 
 1  22	  18.2629  -56.6669   4.0  1 
 1  22	  17.9990  -56.6309   4.0  1 
 1  22	  17.7063  -56.6181   4.0  1 
 2  22	  16.7396  -36.5489   4.0  1 
 1  23	  17.5089  -56.6786   4.0  1 
 1  23	  17.4653  -56.7071   4.0  1 
 1  23	  17.3376  -56.7194   4.0  1 
 1  23	  17.0250  -56.7901   4.0  1 
 1  23	  16.9574  -56.8644   4.0  1 
 1  23	  16.7769  -56.9360   4.0  1 
 1  23	  16.6567  -56.9586   4.0  1 
 2  23	  15.1991  -36.6761   4.0  1 
 2  23	  14.8689  -36.7287   4.0  1 
