# catl.21
# nam=1 afr=2	mag=1  fz=5
# --------------------------------------------------------------------
 1  1	  38.4363  -39.2637   4.0  1 
 1  1	  37.7112  -39.3312   4.0  1 
 2  1	  36.4244  -27.4297   4.0  1 
 2  1	  36.1374  -27.5086   4.0  1 
 1  2	  32.5184  -47.3535   4.0  1 
 1  2	  32.2515  -47.5190   4.0  1 
 1  2	  32.0805  -47.6434   4.0  1 
 2  2	  30.2671  -34.7202   4.0  1 
 2  2	  29.8979  -34.9530   4.0  1 
 2  2	  29.8479  -34.9398   4.0  1 
 1  3	  31.4110  -48.6900   5.0  5 Atlantis
 1  3	  31.3970  -48.4860   5.0  5 
 1  3	  31.3530  -48.2820   5.0  5 
 2  3	  28.8540  -36.0370   5.0  5 
 2  3	  28.8690  -35.8160   5.0  5 
 2  3	  28.8690  -35.5440   5.0  5 
 1  4	  31.0956  -49.2308   4.0  1 
 1  4	  31.0014  -49.2926   4.0  1 
 1  4	  30.6444  -49.6125   4.0  1 
 1  4	  30.4746  -49.7265   4.0  1 
 2  4	  28.1251  -36.8319   4.0  1 
 1  5	  29.8219  -49.9812   4.0  1 
 1  5	  29.7999  -50.0620   4.0  1 
 2  5	  27.2760  -37.4260   4.0  1 
 1  6	  28.9650  -50.5288   4.0  1 
 1  6	  28.7238  -50.5916   4.0  1 
 1  6	  28.6334  -50.6520   4.0  1 
 1  6	  28.4642  -50.7070   4.0  1 
 1  6	  28.4032  -50.7642   4.0  1 
 1  6	  28.3700  -50.7523   4.0  1 
 2  6	  26.7969  -37.5696   4.0  1 
 2  6	  26.5527  -37.6875   4.0  1 
 1  7	  28.1711  -50.9224   4.0  1 
 1  7	  28.1276  -50.9811   4.0  1 
 1  7	  28.0407  -51.0765   4.0  1 
 2  7	  25.5427  -37.9378   4.0  1 
 2  7	  25.4011  -38.0500   4.0  1 
 2  7	  25.3084  -38.0858   4.0  1 
 1  8	  27.7164  -51.1264   4.0  1 
 1  8	  27.6542  -51.2193   4.0  1 
 1  8	  27.6087  -51.2724   4.0  1 
 2  8	  25.1586  -38.2618   4.0  1 
 1  9	  27.4967  -51.3018   4.0  1 
 1  9	  27.4732  -51.3408   4.0  1 
 2  9	  24.8519  -38.2981   4.0  1 
 2  9	  24.8063  -38.3201   4.0  1 
 1  10	  27.2572  -51.4415   4.0  1 
 2  10	  24.5857  -38.4777   4.0  1 
 2  10	  24.4304  -38.5542   4.0  1 
 1  11	  27.1919  -51.5034   4.0  1 
 1  11	  26.9381  -51.5675   4.0  1 
 1  11	  26.8795  -51.6041   4.0  1 
 1  11	  26.8402  -51.6059   4.0  1 
 1  11	  26.7877  -51.6433   4.0  1 
 2  11	  24.2233  -38.6198   4.0  1 
 2  11	  24.0636  -38.6750   4.0  1 
 2  11	  23.9553  -38.6752   4.0  1 
31  12	  26.5518  -51.6608   4.0  1 
31  12	  26.4208  -51.7004   4.0  1 
31  12	  26.3755  -51.7344   4.0  1 
31  12	  26.3266  -51.7601   4.0  1 
 1  12	  26.1176  -52.0625   4.0  1 
 1  12	  25.9558  -52.3927   4.0  1 
 2  12	  23.3536  -39.2349   4.0  1 
 1  13	  25.6086  -52.5583   4.0  1 
 1  13	  25.5102  -52.6921   4.0  1 
 1  13	  25.3992  -52.8340   4.0  1 
 2  13	  23.0665  -39.2799   4.0  1 
 2  13	  22.9886  -39.3269   4.0  1 
31  14	  25.1210  -52.9665   5.0  5 Kane
31  14	  25.1237  -52.8464   5.0  5 
 1  14	  25.1382  -52.7272   5.0  5 
 1  14	  25.1451  -52.6189   5.0  5 
 1  14	  25.1354  -52.4789   5.0  5 
 2  14	  22.4956  -39.3678   5.0  5 
 2  14	  22.4840  -39.2080   5.0  5 
 2  14	  22.4737  -39.0386   5.0  5 
32  14	  22.4631  -38.9446   5.0  5 
32  14	  22.4753  -38.8383   5.0  5 
 1  15	  24.9700  -52.0980   4.0  1 
 1  15	  24.8016  -52.1124   4.0  1 
 2  15	  22.4147  -38.8399   4.0  1 
 2  15	  22.1552  -38.9115   4.0  1 
 1  16	  24.7873  -52.1878   4.0  1 
 1  16	  24.4108  -52.2225   4.0  1 
 2  16	  22.0789  -39.0037   4.0  1 
 2  16	  21.9842  -38.9855   4.0  1 
 2  16	  21.7685  -39.0124   4.0  1 
 1  17	  24.2135  -52.1365   4.0  1 
 2  17	  21.5839  -39.0186   4.0  1 
 2  17	  21.2694  -39.0788   4.0  1 
 1  18	  23.7544  -52.2885   4.0  1 
 1  18	  23.7110  -52.2627   4.0  1 
 1  18	  23.5543  -52.3506   4.0  1 
 2  18	  20.9552  -39.0367   4.0  1 
 1  19	  23.3216  -52.3378   4.0  1 
 2  19	  20.6472  -39.1126   4.0  1 
 2  19	  20.4735  -39.1380   4.0  1 
 1  20	  22.9164  -52.5979   4.0  1 
 1  20	  22.8060  -52.6656   4.0  1 
 2  20	  20.2607  -39.1312   4.0  1 
32  20	  20.0076  -39.1699   4.0  1 
 1  21	  22.3710  -52.7808   4.0  1 
 2  21	  19.7180  -39.2601   4.0  1 
 2  21	  19.4596  -39.3365   4.0  1 
31  23	  19.5610  -53.1719   4.0  1 
31  23	  18.9917  -53.3457   4.0  1 
32  23	  17.3913  -39.8667   4.0  1 
31  21	  17.4773  -53.3653   4.0  1 
31  21	  17.3502  -53.3842   4.0  1 
31  21	  16.9814  -53.4663   4.0  1 
32  21	  13.3630  -39.7628   4.0  1 
32  22	  14.8787  -39.7193   4.0  1 
