# catl.13
# nam=1 afr=2 -360 fz=5
# --------------------------------------------------------------------
 1  1	  37.7946  -37.2231   4.0  1 
 1  1	  37.6370  -37.2024   4.0  1 
 2  1	  36.6031  -29.1315   4.0  1 
 2  1	  36.3950  -29.1721   4.0  1 
 2  1	  36.2650  -29.1456   4.0  1 
 2  1	  36.1891  -29.1290   4.0  1 
 1  2	  37.5000  -37.1696   4.0  1 
 1  2	  37.4258  -37.1195   4.0  1 
 2  2	  35.9784  -29.0262   4.0  1 
 1  3	  36.3031  -38.3408   4.0  1 
 2  3	  35.5276  -29.2357   4.0  1 
 2  3	  34.6358  -30.2760   4.0  1 
31  4	  36.0360  -39.8810   5.0  5 Oceanographer
31  4	  35.9950  -39.6600   5.0  5 
31  4	  35.9260  -39.4560   5.0  5 
31  4	  35.8490  -39.2240   5.0  5 
32  4	  34.4730  -31.7670   5.0  5 
32  4	  34.4300  -31.5800   5.0  5 
 1  4	  35.8181  -40.3884   5.0  5 
 2  4	  34.3697  -32.0366   5.0  5 
 2  4	  34.2034  -32.0506   5.0  5 
 2  4	  34.0835  -32.1574   5.0  5 
 1  5	  35.2906  -40.9919   4.0  1 
 1  5	  35.1226  -41.0408   4.0  1 
 1  5	  35.0814  -41.0550   4.0  1 
 1  5	  34.9617  -41.0562   4.0  1 
 2  5	  33.4456  -32.5626   4.0  1 
 1  6	  34.6158  -41.1917   4.0  1 
 1  6	  34.2251  -41.5396   4.0  1 
 2  6	  33.1621  -32.7590   4.0  1 
31  8	  34.5590  -42.7720   5.0  5 Hayes
31  8	  34.4880  -42.4830   5.0  5 
31  8	  34.4040  -42.2110   5.0  5 
31  8	  34.3190  -41.9390   5.0  5 
31  8	  34.2630  -41.7010   5.0  5 
32  8	  32.9680  -34.7280   5.0  5 
32  8	  32.8960  -34.4560   5.0  5 
32  8	  32.8530  -34.2180   5.0  5 
32  8	  32.7960  -33.9460   5.0  5 
32  8	  32.7520  -33.6900   5.0  5 
 1  7	  34.1242  -43.5870   4.0  1 
 1  7	  33.8936  -43.6623   4.0  1 
 1  7	  33.6416  -43.7593   4.0  1 
 2  7	  32.2159  -35.3872   4.0  1 
 2  7	  32.0015  -35.4053   4.0  1 
 2  7	  31.9797  -35.4200   4.0  1 
 1  8	  31.9893  -45.1186   4.0  1 
 1  8	  31.4546  -45.6397   4.0  1 
 2  8	  29.8691  -37.0939   4.0  1 
 2  8	  29.7766  -37.1704   4.0  1 
 2  8	  29.7045  -37.1918   4.0  1 
 1  9	  31.2961  -46.1826   4.0  1 
 2  9	  29.5813  -37.3611   4.0  1 
 2  9	  29.3948  -37.5333   4.0  1 
 1  10	  31.0435  -46.3318   4.0  1 
 1  10	  30.9821  -46.3204   4.0  1 
 2  10	  29.2114  -37.6776   4.0  1 
 1  11	  30.9430  -46.8200   5.0  5 Atlantis
 1  11	  30.8410  -46.5650   5.0  5 
 2  11	  29.1230  -38.3330   5.0  5 
 2  11	  29.0926  -37.9767   5.0  5 
 1  12	  30.3792  -47.2471   4.0  1 
 1  12	  29.8067  -47.5951   4.0  1 
 1  12	  29.7418  -47.6330   4.0  1 
 2  12	  28.0567  -38.9837   4.0  1 
 1  13	  29.3884  -47.9105   4.0  1 
 1  13	  29.3186  -47.9230   4.0  1 
 1  13	  29.1291  -48.0507   4.0  1 
 1  13	  28.8260  -48.3333   4.0  1 
 2  13	  27.1363  -39.6055   4.0  1 
 1  14	  28.6276  -48.3566   4.0  1 
 1  14	  28.4034  -48.5032   4.0  1 
 1  14	  28.3236  -48.5637   4.0  1 
 1  14	  28.2998  -48.5725   4.0  1 
 2  14	  26.7607  -39.7622   4.0  1 
 2  14	  26.5581  -39.8924   4.0  1 
 1  15	  28.0874  -48.6547   4.0  1 
 1  15	  28.0149  -48.6837   4.0  1 
 1  15	  27.9692  -48.6991   4.0  1 
 1  15	  27.8879  -48.7534   4.0  1 
 1  15	  27.8059  -48.8043   4.0  1 
 2  15	  26.0062  -40.1805   4.0  1 
 2  15	  25.8617  -40.2928   4.0  1 
 1  16	  27.5511  -48.9672   4.0  1 
 1  16	  27.4862  -48.9894   4.0  1 
 2  16	  25.7472  -40.2426   4.0  1 
 2  16	  25.5816  -40.3094   4.0  1 
 1  17	  27.1536  -49.1147   4.0  1 
 1  17	  27.0474  -49.1311   4.0  1 
 1  17	  26.9591  -49.2265   4.0  1 
 1  17	  26.9146  -49.2578   4.0  1 
 1  17	  26.8752  -49.2815   4.0  1 
 1  17	  26.7561  -49.3493   4.0  1 
 1  17	  26.6486  -49.4103   4.0  1 
 1  17	  26.6288  -49.4204   4.0  1 
 1  17	  26.5716  -49.4152   4.0  1 
 2  17	  25.3193  -40.4531   4.0  1 
 2  17	  25.2648  -40.4006   4.0  1 
 2  17	  24.9185  -40.5815   4.0  1 
 2  17	  24.8426  -40.6304   4.0  1 
 1  18	  26.3314  -49.5528   4.0  1 
 1  18	  26.2799  -49.5840   4.0  1 
 1  18	  26.1889  -49.6040   4.0  1 
 2  18	  24.6085  -40.7238   4.0  1 
 2  18	  24.5419  -40.7489   4.0  1 
 2  18	  24.4086  -40.8106   4.0  1 
 2  18	  24.3959  -40.8365   4.0  1 
 1  19	  26.0037  -49.8359   4.0  1 
 2  19	  24.1874  -40.9349   4.0  1 
 2  19	  24.0816  -41.0797   4.0  1 
 1  20	  25.7489  -50.0413   4.0  1 
 1  20	  25.5299  -50.1921   4.0  1 
 2  20	  23.8908  -41.2158   4.0  1 
 2  20	  23.7345  -41.3048   4.0  1 
 2  20	  23.6580  -41.3360   4.0  1 
 2  20	  23.5592  -41.3862   4.0  1 
 1  21	  25.3043  -50.4430   4.0  1 
 2  21	  23.4392  -41.4877   4.0  1 
 2  21	  23.3774  -41.5855   4.0  1 
 2  21	  23.2915  -41.6652   4.0  1 
 1  22	  25.1036  -50.5383   4.0  1 
 1  22	  25.0744  -50.5189   4.0  1 
 1  22	  24.9771  -50.5784   4.0  1 
 1  22	  24.8996  -50.5601   4.0  1 
 2  22	  23.2501  -41.7260   4.0  1 
 2  22	  23.1366  -41.7419   4.0  1 
31  23	  24.7849  -50.5964   5.0  5 Kane
 1  23	  24.7335  -50.4418   5.0  5 
31  23	  24.7197  -50.3209   5.0  5 
 1  23	  24.6510  -50.1133   5.0  5 
 1  23	  24.6560  -49.9631   5.0  5 
 1  23	  24.6207  -49.8654   5.0  5 
 2  23	  22.9189  -41.7298   5.0  5 
 2  23	  22.9050  -41.5795   5.0  5 
 2  23	  22.8794  -41.4800   5.0  5 
 2  23	  22.8080  -41.3905   5.0  5 
 2  23	  22.8067  -41.2650   5.0  5 
 2  23	  22.7723  -41.1257   5.0  5 
 1  24	  24.4479  -49.9206   4.0  1 
 1  24	  24.3064  -49.9520   4.0  1 
 1  24	  24.1475  -50.0314   4.0  1 
 2  24	  22.6204  -41.0961   4.0  1 
 2  24	  22.5911  -41.0987   4.0  1 
 2  24	  22.3463  -41.1399   4.0  1 
 2  24	  22.2274  -41.1818   4.0  1 
 2  24	  22.0711  -41.1577   4.0  1 
 1  25	  23.7091  -49.9533   4.0  1 
 1  25	  23.5768  -50.0163   4.0  1 
 1  25	  23.4829  -50.0692   4.0  1 
 1  25	  23.4353  -50.1019   4.0  1 
 2  25	  21.8227  -41.0680   4.0  1 
 2  25	  21.7427  -41.0573   4.0  1 
 1  26	  23.3332  -50.1417   4.0  1 
 1  26	  23.2336  -50.1802   4.0  1 
 1  26	  23.1531  -50.1756   4.0  1 
 1  26	  23.0568  -50.1490   4.0  1 
 2  26	  21.3130  -41.2121   4.0  1 
 1  27	  22.9584  -50.0064   4.0  1 
 1  27	  22.8193  -50.0001   4.0  1 
 1  27	  22.7607  -50.0169   4.0  1 
 2  27	  21.0150  -41.1379   4.0  1 
 1  28	  22.5385  -50.0402   4.0  1 
 2  28	  20.8143  -41.0820   4.0  1 
 2  28	  20.6433  -41.1202   4.0  1 
 1  29	  22.2137  -50.0740   4.0  1 
 1  29	  22.1301  -50.0591   4.0  1 
 1  29	  21.9298  -49.9735   4.0  1 
 2  29	  20.1776  -41.0986   4.0  1 
 1  30	  21.3439  -50.1086   4.0  1 
 1  30	  21.1408  -50.1143   4.0  1 
 1  30	  21.0629  -50.1138   4.0  1 
 2  30	  18.9589  -41.1816   4.0  1 
 1  31	  18.0453  -50.9630   4.0  1 
 2  31	  16.0234  -42.1308   4.0  1 
 2  31	  16.0013  -42.1691   4.0  1 
 2  31	  15.9023  -42.2268   4.0  1 
 2  31	  15.6587  -42.2879   4.0  1 
