# catl.34
# nam=1 afr=2 -360 fz=5
# --------------------------------------------------------------------
31  1	  38.0878  -45.2481   4.0  1 
 1  1	  37.5726  -46.1827   4.0  1 
 1  1	  37.2854  -46.3005   4.0  1 
 1  1	  37.1189  -46.4351   4.0  1 
 1  1	  37.0363  -46.5538   4.0  1 
 1  1	  36.8946  -46.6311   4.0  1 
 2  1	  35.8981  -22.2000   4.0  1 
 2  1	  35.8205  -22.2678   4.0  1 
 2  1	  35.7192  -22.3425   4.0  1 
 2  1	  35.5923  -22.4362   4.0  1 
 2  1	  35.4398  -22.5508   4.0  1 
 2  1	  35.2015  -22.6881   4.0  1 
 2  1	  35.0116  -22.9266   4.0  1 
 1  2	  36.2658  -47.6758   4.0  1 
 1  2	  36.1731  -47.8966   4.0  1 
 2  2	  34.6595  -23.3609   4.0  1 
 2  2	  34.1044  -23.9205   4.0  1 
32  3	  33.9708  -24.2674   4.0  1 
32  3	  33.7954  -24.3278   4.0  1 
32  3	  33.3603  -24.6977   4.0  1 
31  4	  34.2706  -51.5290   4.0  1 
32  4	  32.2197  -26.3905   4.0  1 
32  4	  31.8128  -26.7125   4.0  1 
 1  3	  33.5014  -52.6377   4.0  1 
 2  3	  31.0800  -28.0500   4.0  1 
32  5	  30.8590  -28.4380   4.0  1 
 2  3	  30.8186  -28.3858   4.0  1 
 1  4	  32.9114  -53.2349   4.0  1 
 1  4	  32.7671  -53.4042   4.0  1 
 2  4	  30.4886  -28.4898   4.0  1 
 2  4	  30.0149  -28.8096   4.0  1 
31  6	  31.8880  -53.9290   4.0  1 
31  6	  31.5866  -54.2696   4.0  1 
31  6	  31.4408  -54.5248   4.0  1 
 1  5	  31.2935  -54.8600   4.0  1 
 1  5	  31.2175  -54.9397   4.0  1 
 2  5	  28.8400  -29.6500   4.0  1 
 2  5	  28.7500  -29.8300   4.0  1 
 1  6	  31.0958  -55.2896   4.0  1 
 2  6	  28.5500  -30.2300   4.0  1 
 2  6	  28.4800  -30.2500   4.0  1 
 1  7	  30.7694  -55.9073   4.0  1 
 1  7	  30.7238  -55.9517   4.0  1 
 1  7	  30.6652  -55.9692   4.0  1 
 2  7	  28.2000  -30.6800   4.0  1 
 2  7	  28.1800  -30.7000   4.0  1 
 2  7	  28.1200  -30.7000   4.0  1 
 1  8	  30.3974  -56.0756   4.0  1 
 1  8	  30.2271  -56.1711   4.0  1 
 1  8	  30.1629  -56.3326   4.0  1 
 2  8	  27.5400  -30.8800   4.0  1 
 1  9	  29.8926  -56.5379   4.0  1 
 1  9	  29.8549  -56.5012   4.0  1 
 1  9	  29.5875  -56.7325   4.0  1 
 1  9	  29.5037  -56.7703   4.0  1 
 1  9	  29.4082  -56.7511   4.0  1 
 2  9	  26.9200  -31.2200   4.0  1 
 2  9	  26.7800  -31.2300   4.0  1 
 1  10	  29.4063  -56.8671   4.0  1 
 1  10	  29.3251  -56.9108   4.0  1 
 1  10	  29.1492  -56.9863   4.0  1 
 2  10	  26.4500  -31.4400   4.0  1 
 1  11	  29.0164  -57.1014   4.0  1 
 1  11	  28.8775  -57.1107   4.0  1 
 1  11	  28.7568  -57.2537   4.0  1 
 1  11	  28.7091  -57.2431   4.0  1 
 2  11	  26.2200  -31.5400   4.0  1 
 2  11	  26.0900  -31.5700   4.0  1 
 1  12	  28.5555  -57.3704   4.0  1 
 1  12	  28.4799  -57.4220   4.0  1 
 2  12	  25.7700  -31.8600   4.0  1 
 2  12	  25.5500  -31.9500   4.0  1 
 1  13	  28.1681  -57.6697   4.0  1 
 1  13	  27.9780  -57.7683   4.0  1 
 1  13	  27.9038  -57.8359   4.0  1 
 2  13	  25.2700  -31.9700   4.0  1 
 2  13	  25.0600  -32.0700   4.0  1 
 2  13	  24.9200  -32.0800   4.0  1 
 2  13	  24.8300  -32.1000   4.0  1 
 1  14	  26.7002  -58.3771   4.0  1 
 2  14	  24.5100  -32.2500   4.0  1 
 2  14	  24.3400  -32.3000   4.0  1 
 2  14	  24.1300  -32.4200   4.0  1 
 1  15	  26.6190  -58.5110   5.0  5 Northern
 1  15	  26.6720  -58.6860   5.0  5 
 1  15	  26.7240  -58.8610   5.0  5 
 2  15	  23.7990  -32.5070   5.0  5 
 2  15	  23.7320  -32.2740   5.0  5 
 1  16	  25.4995  -58.2652   5.0  5 
 1  16	  25.5306  -58.4292   5.0  5 
 1  16	  25.5550  -58.5597   5.0  5 Kane
31  16	  25.6059  -58.6128   5.0  5 
31  16	  25.6797  -58.6659   5.0  5 
31  16	  25.7193  -58.7290   5.0  5 
31  16	  25.7975  -58.8798   5.0  5 
31  16	  25.8124  -58.9579   5.0  5 
 2  16	  22.8256  -32.9808   5.0  5 
 2  16	  22.8122  -32.8914   5.0  5 
 2  16	  22.7742  -32.7167   5.0  5 
 2  16	  22.7425  -32.5370   5.0  5 
 2  16	  22.6805  -32.3236   5.0  5 
32  16	  22.6085  -32.1855   5.0  5 
32  16	  22.5736  -32.0931   5.0  5 
 1  17	  25.3315  -58.1670   4.0  1 
 1  17	  25.2462  -58.1837   4.0  1 
 1  17	  25.2643  -58.1766   4.0  1 
 1  17	  25.2071  -58.1980   4.0  1 
 1  17	  24.8763  -58.3198   4.0  1 
 1  17	  24.7533  -58.3658   4.0  1 
 2  17	  22.4800  -32.1000   4.0  1 
 2  17	  22.1700  -32.1800   4.0  1 
 2  17	  22.0000  -32.2500   4.0  1 
 2  17	  21.9200  -32.2500   4.0  1 
 1  18	  24.4422  -58.4784   4.0  1 
 1  18	  24.2394  -58.5741   4.0  1 
 2  18	  21.4000  -32.3700   4.0  1 
 2  18	  21.2400  -32.5000   4.0  1 
 2  18	  21.1700  -32.5700   4.0  1 
 1  19	  23.7550  -58.8401   4.0  1 
 1  19	  23.4442  -59.0936   4.0  1 
 2  19	  21.0300  -32.6200   4.0  1 
 2  19	  20.7800  -32.7000   4.0  1 
 2  19	  20.6000  -32.7800   4.0  1 
32  21	  20.4800  -32.9100   4.0  1 
32  21	  20.3200  -32.8900   4.0  1 
 1  20	  22.1493  -59.7292   4.0  1 
 1  20	  22.0542  -59.7330   4.0  1 
 2  20	  19.2500  -33.1700   4.0  1 
 1  21	  20.4817  -59.9559   4.0  1 
 1  21	  20.3982  -60.0296   4.0  1 
 1  21	  20.2957  -60.0664   4.0  1 
 1  21	  20.1743  -60.1274   4.0  1 
 1  21	  20.1130  -60.1499   4.0  1 
 1  21	  20.0603  -60.1813   4.0  1 
 1  21	  20.0369  -60.2075   4.0  1 
 1  21	  19.9256  -60.2504   4.0  1 
 1  21	  19.8803  -60.2717   4.0  1 
 1  21	  19.8171  -60.3052   4.0  1 
 1  21	  19.7473  -60.3388   4.0  1 
 2  21	  17.4500  -33.3700   4.0  1 
 2  21	  17.1200  -33.4400   4.0  1 
 1  22	  19.6512  -60.2676   4.0  1 
 1  22	  19.5935  -60.2851   4.0  1 
 1  22	  19.5528  -60.2974   4.0  1 
 1  22	  19.4440  -60.3393   4.0  1 
 1  22	  19.3986  -60.3586   4.0  1 
 1  22	  19.3503  -60.3840   4.0  1 
 1  22	  19.2953  -60.3835   4.0  1 
 1  22	  19.1455  -60.4347   4.0  1 
 1  22	  19.0538  -60.5164   4.0  1 
 1  22	  19.0202  -60.4717   4.0  1 
 2  22	  16.0600  -33.6500   4.0  1 
32  23	  16.0000  -33.5500   4.0  1 
 2  22	  15.9300  -33.6700   4.0  1 
 1  23	  18.7735  -60.5847   4.0  1 
 1  23	  18.6538  -60.6466   4.0  1 
 1  23	  18.5445  -60.7015   4.0  1 
 1  23	  18.4292  -60.7294   4.0  1 
 1  23	  18.3217  -60.7853   4.0  1 
 1  23	  18.3116  -60.8523   4.0  1 
 1  23	  18.1977  -60.8192   4.0  1 
 1  23	  18.0680  -60.8793   4.0  1 
 1  23	  18.0490  -60.9024   4.0  1 
 2  23	  15.0200  -33.8500   4.0  1 
 2  23	  14.9200  -33.9000   4.0  1 
