# catl.22
# nam=1 afr=2 -360 fz=5
# --------------------------------------------------------------------
 1  1	  33.0228  -47.5022   4.0  1 
 1  1	  32.7601  -47.6331   4.0  1 
 1  1	  32.3068  -47.9304   4.0  1 
 2  1	  30.3521  -34.2443   4.0  1 
 2  1	  30.3033  -34.2552   4.0  1 
 2  1	  30.1264  -34.3475   4.0  1 
 2  1	  29.8193  -34.5172   4.0  1 
 2  1	  29.6379  -34.5849   4.0  1 
 1  2	  31.7919  -48.0449   4.0  1 
 2  2	  29.4233  -34.5469   4.0  1 
 2  2	  29.3114  -34.6641   4.0  1 
 1  3	  31.4110  -49.2520   4.0  1 
 1  3	  31.4110  -49.0140   4.0  1 
 1  3	  31.4110  -48.8780   5.0  5 Atlantis
 2  3	  28.8690  -35.3740   5.0  5 
 2  3	  28.8840  -35.1870   5.0  5 
 2  3	  28.9087  -35.0222   5.0  5 
 1  4	  29.8916  -50.5814   4.0  1 
 2  4	  27.9126  -36.5491   4.0  1 
 2  4	  27.6300  -36.6366   4.0  1 
 2  4	  27.4220  -36.7509   4.0  1 
 2  4	  27.3718  -36.7625   4.0  1 
 1  5	  29.2889  -51.0575   4.0  1 
 2  5	  26.9924  -37.0043   4.0  1 
 2  5	  26.8397  -37.1159   4.0  1 
 1  6	  29.1748  -51.1563   4.0  1 
 1  6	  29.1147  -51.1416   4.0  1 
 1  6	  28.9491  -51.1379   4.0  1 
 1  6	  28.7904  -51.1316   4.0  1 
 1  6	  28.6484  -51.1371   4.0  1 
 1  6	  28.5897  -51.1477   4.0  1 
 1  6	  28.4669  -51.1231   4.0  1 
 1  6	  28.4390  -51.1346   4.0  1 
 2  6	  26.5813  -37.3050   4.0  1 
 2  6	  26.3424  -37.3335   4.0  1 
 2  6	  26.2404  -37.2998   4.0  1 
 1  7	  28.3398  -51.2068   4.0  1 
 1  7	  28.2642  -51.2955   4.0  1 
 1  7	  28.2295  -51.3145   4.0  1 
 1  7	  28.1756  -51.4123   4.0  1 
 2  7	  25.6922  -37.3775   4.0  1 
 2  7	  25.5763  -37.5296   4.0  1 
 1  8	  28.0791  -51.5118   4.0  1 
 1  8	  27.8963  -51.5575   4.0  1 
 2  8	  25.4261  -37.6351   4.0  1 
 2  8	  25.2802  -37.6809   4.0  1 
 1  9	  27.6826  -51.6366   4.0  1 
 1  9	  27.6015  -51.6225   4.0  1 
 1  9	  27.5507  -51.6339   4.0  1 
 2  9	  25.0585  -37.7226   4.0  1 
 2  9	  25.0346  -37.7699   4.0  1 
 1  10	  27.3845  -51.8661   4.0  1 
 1  10	  27.3466  -51.8584   4.0  1 
 2  10	  24.8229  -37.8409   4.0  1 
 2  10	  24.7695  -37.8906   4.0  1 
 1  11	  27.2467  -51.8894   4.0  1 
 1  11	  27.0404  -51.9329   4.0  1 
 2  11	  24.6014  -37.9673   4.0  1 
 2  11	  24.4690  -37.9756   4.0  1 
 1  12	  26.9773  -52.0422   4.0  1 
 1  12	  26.9521  -52.0352   4.0  1 
 1  12	  26.8929  -52.0912   4.0  1 
 1  12	  26.8456  -52.0820   4.0  1 
 2  12	  24.3395  -38.0360   4.0  1 
 1  13	  26.8381  -52.1066   4.0  1 
 1  13	  26.6954  -52.0997   4.0  1 
 2  13	  24.2866  -38.0851   4.0  1 
 2  13	  24.1405  -38.1523   4.0  1 
 1  14	  26.4736  -52.2234   4.0  1 
 2  14	  23.8677  -38.1537   4.0  1 
 2  14	  23.7736  -38.2088   4.0  1 
 1  15	  25.6410  -52.9759   4.0  1 
 1  15	  25.5738  -52.9776   4.0  1 
 1  15	  25.5013  -53.0663   4.0  1 
 2  15	  22.9864  -38.8069   4.0  1 
 2  15	  22.8590  -38.9557   4.0  1 
 1  16	  25.1214  -53.1583   5.0  5 Kane
 1  16	  25.1146  -53.0253   5.0  5 
 1  16	  25.1183  -52.9211   5.0  5 
31  16	  25.1414  -52.7903   5.0  5 
31  16	  25.1382  -52.6786   5.0  5 
31  16	  25.1357  -52.5552   5.0  5 
 2  16	  22.4638  -38.9764   5.0  5 
 2  16	  22.4718  -38.8606   5.0  5 
 2  16	  22.4670  -38.7647   5.0  5 
 2  16	  22.4787  -38.6736   5.0  5 
 2  16	  22.4707  -38.5728   5.0  5 
 2  16	  22.4640  -38.4672   5.0  5 
 2  16	  22.4878  -38.3858   5.0  5 
 1  17	  24.8347  -52.5227   4.0  1 
 1  17	  24.7782  -52.5532   4.0  1 
 2  17	  22.0882  -38.4758   4.0  1 
 2  17	  22.0274  -38.4995   4.0  1 
 1  18	  24.5447  -52.6226   4.0  1 
 1  18	  24.3606  -52.6518   4.0  1 
 2  18	  21.7798  -38.5168   4.0  1 
 1  19	  23.8857  -52.8597   4.0  1 
 1  19	  23.7260  -52.8596   4.0  1 
 1  19	  23.6510  -52.8304   4.0  1 
 2  19	  21.4013  -38.5939   4.0  1 
 2  19	  21.1898  -38.6601   4.0  1 
 2  19	  21.0799  -38.6239   4.0  1 
 1  20	  23.4775  -52.8857   4.0  1 
 2  20	  20.8414  -38.7380   4.0  1 
 2  20	  20.6519  -38.6912   4.0  1 
 1  21	  23.0630  -52.8848   4.0  1 
 2  21	  20.3994  -38.7195   4.0  1 
 2  21	  20.1958  -38.6932   4.0  1 
 1  22	  22.6047  -53.0339   4.0  1 
 1  22	  22.2898  -53.1961   4.0  1 
 2  22	  19.9287  -38.7920   4.0  1 
31  23	  19.0856  -53.7653   4.0  1 
32  23	  17.3754  -39.3545   4.0  1 
32  23	  14.9035  -39.2639   4.0  1 
 1  23	  17.3361  -53.9015   4.0  1 
 2  23	  14.5955  -39.2954   4.0  1 
 2  23	  14.5021  -39.3025   4.0  1 
