# catl.08
# nam=1 afr=2 -360 fz=5
# --------------------------------------------------------------------
 1  1	  37.3296  -36.3736   4.0  1 
 1  1	  37.3767  -36.3154   4.0  1 
 2  1	  36.2465  -29.8972   4.0  1 
 2  1	  36.1909  -29.9266   4.0  1 
 2  1	  36.0541  -29.9867   4.0  1 
 2  1	  36.0324  -30.0271   4.0  1 
 1  2	  33.4189  -42.8333   4.0  1 
 1  2	  33.3734  -42.8638   4.0  1 
 2  2	  32.2096  -36.2142   4.0  1 
 2  2	  31.8634  -36.4280   4.0  1 
 2  2	  31.7998  -36.4618   4.0  1 
 1  3	  31.0426  -45.2455   4.0  1 
 1  3	  30.7506  -45.4112   4.0  1 
 2  3	  29.5999  -38.6191   4.0  1 
 2  3	  29.5593  -38.6535   4.0  1 
 2  3	  29.4179  -38.7178   4.0  1 
 1  4	  30.3052  -46.1331   4.0  1 
 2  4	  29.3028  -39.2858   4.0  1 
 2  4	  29.2537  -39.3484   4.0  1 
 2  4	  29.0572  -39.4760   4.0  1 
 1  5	  29.9407  -46.4827   4.0  1 
 1  5	  29.9042  -46.4990   4.0  1 
 1  5	  29.8635  -46.5153   4.0  1 
 1  5	  29.7864  -46.5101   4.0  1 
 1  5	  29.7126  -46.5851   4.0  1 
 1  5	  29.6101  -46.6264   4.0  1 
 1  5	  29.3900  -46.6589   4.0  1 
 1  5	  29.3077  -46.6515   4.0  1 
 2  5	  28.0487  -40.0473   4.0  1 
 1  6	  29.2434  -46.7084   4.0  1 
 1  6	  29.1790  -46.7853   4.0  1 
 1  6	  29.1152  -46.8073   4.0  1 
 1  6	  29.0737  -46.8314   4.0  1 
 1  6	  29.0285  -46.8712   4.0  1 
 1  6	  28.9574  -46.8829   4.0  1 
 2  6	  27.7668  -40.2056   4.0  1 
 1  7	  28.8711  -46.9578   4.0  1 
 1  7	  28.7956  -46.9832   4.0  1 
 1  7	  28.7455  -47.0121   4.0  1 
 1  7	  28.6971  -47.0451   4.0  1 
 1  7	  28.6451  -47.0883   4.0  1 
 2  7	  27.4390  -40.3677   4.0  1 
 2  7	  27.3287  -40.4172   4.0  1 
 2  7	  27.2287  -40.4989   4.0  1 
 1  8	  28.5798  -47.1062   4.0  1 
 1  8	  28.5386  -47.1550   4.0  1 
 1  8	  28.5144  -47.1619   4.0  1 
 1  8	  28.4435  -47.2134   4.0  1 
 1  8	  28.3938  -47.2641   4.0  1 
 1  8	  28.3483  -47.2759   4.0  1 
 1  8	  28.3277  -47.2841   4.0  1 
 1  8	  28.2561  -47.3404   4.0  1 
 1  8	  28.1899  -47.3803   4.0  1 
 1  8	  28.1456  -47.4098   4.0  1 
 1  8	  28.0860  -47.4428   4.0  1 
 1  8	  28.0337  -47.4662   4.0  1 
 2  8	  27.0652  -40.6193   4.0  1 
 2  8	  26.9471  -40.6900   4.0  1 
 2  8	  26.8984  -40.7227   4.0  1 
 2  8	  26.7883  -40.7598   4.0  1 
 2  8	  26.7290  -40.8040   4.0  1 
 1  9	  27.9409  -47.6123   4.0  1 
 1  9	  27.8959  -47.5724   4.0  1 
 1  9	  27.7543  -47.6429   4.0  1 
 1  9	  27.6396  -47.6513   4.0  1 
 1  9	  27.5846  -47.6675   4.0  1 
 2  9	  26.5991  -40.8021   4.0  1 
 2  9	  26.4132  -40.9012   4.0  1 
 2  9	  26.3889  -40.9613   4.0  1 
 2  9	  26.2652  -41.0032   4.0  1 
 1  10	  27.3993  -47.8735   4.0  1 
 1  10	  27.3686  -47.8966   4.0  1 
 1  10	  27.0391  -48.0259   4.0  1 
 1  10	  26.9290  -48.0802   4.0  1 
 2  10	  26.0550  -41.1564   4.0  1 
 2  10	  25.9801  -41.1670   4.0  1 
 2  10	  25.8577  -41.2328   4.0  1 
 2  10	  25.7261  -41.2528   4.0  1 
 2  10	  25.6532  -41.3442   4.0  1 
 1  11	  26.7258  -48.1683   4.0  1 
 1  11	  26.6808  -48.1715   4.0  1 
 1  11	  26.5493  -48.2544   4.0  1 
 1  11	  26.4701  -48.3356   4.0  1 
 1  11	  26.3397  -48.3980   4.0  1 
 1  11	  26.3180  -48.3931   4.0  1 
 1  11	  26.2889  -48.4416   4.0  1 
 1  11	  26.1755  -48.5034   4.0  1 
 2  11	  25.3273  -41.5119   4.0  1 
 2  11	  25.2285  -41.5915   4.0  1 
 2  11	  25.1675  -41.5686   4.0  1 
 2  11	  25.0712  -41.6271   4.0  1 
 2  11	  24.8921  -41.7427   4.0  1 
 2  11	  24.7643  -41.8277   4.0  1 
 1  12	  26.0429  -48.5658   4.0  1 
 1  12	  25.9810  -48.5299   4.0  1 
 1  12	  25.9426  -48.5386   4.0  1 
 1  12	  25.6765  -48.6956   4.0  1 
 2  12	  24.6438  -41.9032   4.0  1 
 2  12	  24.5024  -42.0245   4.0  1 
 2  12	  24.3306  -42.1401   4.0  1 
 1  13	  25.4620  -48.8926   4.0  1 
 1  13	  25.4203  -48.9006   4.0  1 
 2  13	  24.0345  -42.3326   4.0  1 
 2  13	  23.9948  -42.3461   4.0  1 
 2  13	  23.9771  -42.3549   4.0  1 
 1  14	  25.0655  -49.0860   4.0  1 
 2  14	  23.7680  -42.4889   4.0  1 
 2  14	  23.7130  -42.5325   4.0  1 
 1  15	  24.5390  -49.5652   5.0  5 Kane
 1  15	  24.4798  -49.4375   5.0  5 
 1  15	  24.3880  -49.3096   5.0  5 
 1  15	  24.3967  -49.1480   5.0  5 
 1  15	  24.3549  -49.0533   5.0  5 
 1  15	  24.3007  -48.9276   5.0  5 
 1  15	  24.2463  -48.8130   5.0  5 
 2  15	  23.2667  -42.8880   5.0  5 
 2  15	  23.1988  -42.7274   5.0  5 
 2  15	  23.1647  -42.5053   5.0  5 
 2  15	  23.0809  -42.3522   5.0  5 
 2  15	  23.0838  -42.2316   5.0  5 
 2  15	  23.0360  -42.1143   5.0  5 
 2  15	  23.0091  -41.9799   5.0  5 
 2  15	  22.9599  -41.8941   5.0  5 
 1  16	  24.0680  -48.7368   4.0  1 
 1  16	  24.0365  -48.7456   4.0  1 
 1  16	  23.9199  -48.7505   4.0  1 
 1  16	  23.7444  -48.8237   4.0  1 
 1  16	  23.5762  -48.8962   4.0  1 
 2  16	  22.8424  -41.9018   4.0  1 
 2  16	  22.5106  -42.0331   4.0  1 
 2  16	  22.2871  -42.1417   4.0  1 
 1  17	  20.3153  -49.1396   4.0  1 
 1  17	  20.0328  -49.1267   4.0  1 
 2  17	  19.8014  -42.2469   4.0  1 
 2  17	  19.6002  -42.2495   4.0  1 
 2  17	  19.1907  -42.3914   4.0  1 
31  18	  18.9792  -49.2757   4.0  1 
32  18	  18.4627  -42.5566   4.0  1 
32  18	  17.9426  -42.6358   4.0  1 
32  18	  17.5054  -42.7864   4.0  1 
32  18	  17.3791  -42.8044   4.0  1 
 1  18	  30.6220  -45.9350   5.0  5 Atlantis
 1  18	  30.5930  -45.8160   5.0  5 
 2  18	  29.3190  -39.0990   5.0  5 
 2  18	  29.2450  -38.7410   5.0  5 
