# catl.20
# nam=1 afr=2 -360 fz=5
# --------------------------------------------------------------------
 1  1	  38.3286  -38.5002   4.0  1 
 1  1	  38.1300  -38.5859   4.0  1 
 1  1	  37.9863  -38.7608   4.0  1 
 2  1	  36.2481  -27.9084   4.0  1 
 2  1	  36.1176  -27.9363   4.0  1 
 1  2	  37.3583  -38.7711   4.0  1 
 1  2	  37.2652  -38.7943   4.0  1 
 2  2	  35.7315  -27.9412   4.0  1 
 1  3	  32.1726  -46.8996   4.0  1 
 2  3	  30.1504  -35.3988   4.0  1 
 2  3	  29.8608  -35.5658   4.0  1 
 2  3	  29.5648  -35.7458   4.0  1 
 1  4	  31.3160  -48.1120   5.0  5 Atlantis
 1  4	  31.2580  -47.9250   5.0  5 
 1  4	  31.2140  -47.7720   5.0  5 
 2  4	  28.9070  -36.7180   5.0  5 
 2  4	  28.8770  -36.4800   5.0  5 
 2  4	  28.8770  -36.2590   5.0  5 
31  5	  31.2161  -48.5493   4.0  1 
31  5	  31.0907  -48.6487   4.0  1 
 1  5	  30.8201  -48.7638   4.0  1 
 1  5	  30.7009  -48.8030   4.0  1 
 1  5	  30.5981  -48.8539   4.0  1 
 1  5	  30.4423  -48.9250   4.0  1 
 2  5	  28.0742  -37.5095   4.0  1 
 1  6	  29.6483  -49.4454   4.0  1 
 1  6	  29.4078  -49.6032   4.0  1 
 1  6	  29.1288  -49.7368   4.0  1 
 2  6	  27.0257  -38.0243   4.0  1 
 1  7	  28.8167  -49.9663   4.0  1 
 1  7	  28.7169  -49.9801   4.0  1 
 1  7	  28.6236  -50.0372   4.0  1 
 2  7	  26.5853  -38.2543   4.0  1 
 2  7	  26.5088  -38.2782   4.0  1 
 2  7	  26.4266  -38.3152   4.0  1 
 1  8	  28.5105  -50.1422   4.0  1 
 1  8	  28.4802  -50.1359   4.0  1 
 1  8	  28.3814  -50.1498   4.0  1 
 1  8	  28.3187  -50.1961   4.0  1 
 1  8	  28.1792  -50.3010   4.0  1 
 2  8	  26.1903  -38.4234   4.0  1 
 2  8	  25.9026  -38.5486   4.0  1 
 1  9	  27.9414  -50.4410   4.0  1 
 1  9	  27.9274  -50.4381   4.0  1 
 1  9	  27.8143  -50.5239   4.0  1 
 1  9	  27.6658  -50.5746   4.0  1 
 2  9	  25.6495  -38.7446   4.0  1 
 2  9	  25.4508  -38.8685   4.0  1 
 2  9	  25.2943  -38.9205   4.0  1 
 2  9	  25.2481  -38.9130   4.0  1 
 1  10	  27.4614  -50.6647   4.0  1 
 1  10	  27.4058  -50.6466   4.0  1 
 1  10	  27.2747  -50.6802   4.0  1 
 2  10	  24.9786  -38.9554   4.0  1 
 2  10	  24.7769  -39.0278   4.0  1 
 2  10	  24.6985  -39.0856   4.0  1 
 1  11	  27.0375  -50.7764   4.0  1 
 1  11	  26.8957  -50.8881   4.0  1 
 1  11	  26.7888  -50.9910   4.0  1 
 1  11	  26.7530  -51.0183   4.0  1 
 2  11	  24.6252  -39.0819   4.0  1 
 2  11	  24.5247  -39.1273   4.0  1 
 2  11	  24.3948  -39.1281   4.0  1 
 2  11	  24.3357  -39.1374   4.0  1 
 1  12	  26.5498  -51.0179   4.0  1 
 1  12	  26.3843  -51.0548   4.0  1 
 2  12	  24.1797  -39.1716   4.0  1 
 2  12	  24.1287  -39.2001   4.0  1 
 2  12	  24.0600  -39.2108   4.0  1 
 2  12	  23.9900  -39.2694   4.0  1 
 1  13	  26.3479  -51.1725   4.0  1 
 1  13	  26.1910  -51.2828   4.0  1 
 2  13	  23.7903  -39.4144   4.0  1 
 1  14	  25.8645  -51.5766   4.0  1 
 1  14	  25.6591  -51.8106   4.0  1 
 2  14	  23.4262  -39.7286   4.0  1 
 2  14	  23.1819  -39.8782   4.0  1 
31  14	  25.5372  -51.9608   4.0  1 
31  14	  25.3032  -52.0782   4.0  1 
32  14	  23.0093  -39.9171   4.0  1 
 1  15	  25.0793  -51.9619   5.0  5 Kane
 1  15	  25.0499  -51.8507   5.0  5 
 1  15	  25.0237  -51.7211   5.0  5 
 1  15	  24.9970  -51.5523   5.0  5 
31  15	  24.9815  -51.4137   5.0  5 
 2  15	  22.5941  -39.9817   5.0  5 
 2  15	  22.5512  -39.8177   5.0  5 
 2  15	  22.5325  -39.6922   5.0  5 
 2  15	  22.5334  -39.5928   5.0  5 
 2  15	  22.5147  -39.4673   5.0  5 
31  16	  24.7576  -51.4418   4.0  1 
31  16	  24.6762  -51.4263   4.0  1 
 1  16	  24.2501  -51.5310   4.0  1 
 2  16	  21.9305  -39.5331   4.0  1 
 2  16	  21.8677  -39.5472   4.0  1 
 2  16	  21.7902  -39.5749   4.0  1 
 2  16	  21.7717  -39.5659   4.0  1 
 1  17	  24.0908  -51.5391   4.0  1 
 1  17	  24.0147  -51.5106   4.0  1 
 1  17	  23.9304  -51.4526   4.0  1 
 2  17	  21.5115  -39.5688   4.0  1 
 1  18	  23.7365  -51.5023   4.0  1 
 1  18	  23.5240  -51.5321   4.0  1 
 2  18	  21.2300  -39.6463   4.0  1 
 2  18	  21.0418  -39.5920   4.0  1 
 1  19	  23.3597  -51.6423   4.0  1 
 1  19	  23.1515  -51.7180   4.0  1 
 2  19	  20.7079  -39.6720   4.0  1 
 1  20	  22.5645  -51.9658   4.0  1 
 1  20	  22.1106  -52.0519   4.0  1 
 1  20	  21.8949  -52.0919   4.0  1 
 2  20	  20.2398  -39.8137   4.0  1 
 1  21	  19.8547  -52.5885   4.0  1 
31  21	  18.7571  -52.6624   4.0  1 
 2  21	  17.4282  -40.4454   4.0  1 
 2  21	  17.3736  -40.4492   4.0  1 
 2  21	  17.3440  -40.4443   4.0  1 
 1  22	  17.4801  -52.5737   4.0  1 
 1  22	  17.3415  -52.6812   4.0  1 
 1  22	  17.1278  -52.7822   4.0  1 
 2  22	  14.8640  -40.2857   4.0  1 
 2  22	  14.6417  -40.4217   4.0  1 
 1  23	  17.0112  -52.7529   4.0  1 
 1  23	  16.7303  -52.8713   4.0  1 
 2  23	  14.4335  -40.4385   4.0  1 
