# catl.25
# nam=1 afr=2 -360 fz=5
# --------------------------------------------------------------------
 1  1	  38.4256  -41.4365   4.0  1 
 1  1	  38.3624  -41.4436   4.0  1 
 2  1	  36.6131  -25.3183   4.0  1 
 2  1	  36.4423  -25.4838   4.0  1 
 2  1	  36.1025  -25.4903   4.0  1 
31  2	  37.2461  -41.9110   4.0  1 
31  2	  37.0783  -41.9668   4.0  1 
31  2	  36.8814  -42.2371   4.0  1 
32  2	  35.1220  -26.4883   4.0  1 
 1  2	  32.4032  -49.1298   4.0  1 
 2  2	  30.7072  -32.6238   4.0  1 
 2  2	  30.6573  -32.6366   4.0  1 
 2  2	  30.4743  -32.6580   4.0  1 
 1  3	  31.6333  -49.5208   4.0  1 
 1  3	  31.4754  -49.5149   4.0  1 
 2  3	  29.9768  -33.0010   4.0  1 
 2  3	  29.8683  -33.0738   4.0  1 
 1  4	  31.3180  -50.1440   5.0  5 Atlantis
 1  4	  31.2770  -50.3350   5.0  5 
 1  4	  31.2360  -50.5590   5.0  5 
 1  4	  31.1950  -50.7820   5.0  5 
 1  4	  31.1420  -51.0500   5.0  5 
 2  4	  29.0300  -34.0110   5.0  5 
 2  4	  29.0590  -33.8030   5.0  5 
 2  4	  29.1150  -33.5960   5.0  5 
 2  4	  29.1430  -33.4360   5.0  5 
 2  4	  29.1980  -33.2360   5.0  5 
31  6	  31.1068  -50.9921   4.0  1 
32  6	  28.7736  -34.8617   4.0  1 
32  6	  28.6921  -34.9440   4.0  1 
 1  5	  30.3665  -51.5754   4.0  1 
 1  5	  30.0869  -51.8403   4.0  1 
 2  5	  28.1501  -35.1389   4.0  1 
 2  5	  27.8381  -35.2637   4.0  1 
 1  6	  29.7511  -51.9765   4.0  1 
 1  6	  29.5532  -52.1164   4.0  1 
 1  6	  29.3973  -52.2126   4.0  1 
 2  6	  27.2968  -35.6253   4.0  1 
 1  7	  29.0338  -52.5483   4.0  1 
 1  7	  28.9078  -52.5645   4.0  1 
 1  7	  28.8329  -52.5660   4.0  1 
 1  7	  28.6269  -52.5659   4.0  1 
 1  7	  28.5792  -52.5532   4.0  1 
 1  7	  28.5205  -52.5569   4.0  1 
 2  7	  26.9596  -35.7930   4.0  1 
 2  7	  26.5059  -35.8873   4.0  1 
31  9	  28.4120  -52.7688   4.0  1 
31  9	  28.3317  -52.8039   4.0  1 
 1  8	  28.1343  -52.8217   4.0  1 
 1  8	  27.9613  -52.7855   4.0  1 
 1  8	  27.7191  -52.8304   4.0  1 
 1  8	  27.6770  -52.8308   4.0  1 
 2  8	  25.8619  -36.1190   4.0  1 
 2  8	  25.6934  -36.1450   4.0  1 
32  9	  25.4766  -36.2674   4.0  1 
 1  9	  27.4717  -53.1421   4.0  1 
 1  9	  27.4446  -53.1756   4.0  1 
 1  9	  27.3971  -53.1444   4.0  1 
 2  9	  25.1827  -36.3001   4.0  1 
 2  9	  25.1482  -36.2694   4.0  1 
 1  10	  27.1410  -53.2612   4.0  1 
 1  10	  27.1128  -53.2576   4.0  1 
 1  10	  27.0418  -53.2296   4.0  1 
 1  10	  27.0172  -53.2398   4.0  1 
 2  10	  25.0191  -36.2644   4.0  1 
 2  10	  24.9933  -36.2906   4.0  1 
 2  10	  24.8993  -36.4015   4.0  1 
 2  10	  24.8506  -36.4257   4.0  1 
 2  10	  24.6686  -36.4978   4.0  1 
31  13	  26.9056  -53.5058   4.0  1 
31  13	  26.8631  -53.5323   4.0  1 
31  13	  26.7957  -53.4934   4.0  1 
 1  11	  26.3984  -53.6730   4.0  1 
 1  11	  26.3634  -53.6433   4.0  1 
 2  11	  24.3174  -36.7427   4.0  1 
 2  11	  24.1773  -36.7865   4.0  1 
 1  12	  25.7787  -54.4122   4.0  1 
31  15	  25.4766  -54.6275   4.0  1 
 2  12	  23.4345  -37.5249   4.0  1 
 2  12	  23.3782  -37.5340   4.0  1 
 2  12	  23.2700  -37.5708   4.0  1 
32  15	  23.1053  -37.6311   4.0  1 
 1  13	  25.2802  -54.6865   4.0  1 
 1  13	  25.1449  -54.6910   4.0  1 
 2  13	  22.8507  -37.7933   4.0  1 
31  14	  24.9345  -54.6971   5.0  5 Kane
 1  14	  24.9539  -54.4996   5.0  5 
 1  14	  24.9634  -54.3763   5.0  5 
 1  14	  24.9962  -54.2311   5.0  5 
 1  14	  25.0091  -54.0659   5.0  5 
 1  14	  25.0356  -53.9330   5.0  5 
31  14	  25.0618  -53.8310   5.0  5 
32  14	  22.5806  -37.7381   5.0  5 
32  14	  22.6266  -37.4944   5.0  5 
 2  14	  22.7151  -37.3431   5.0  5 
 2  14	  22.7215  -37.2278   5.0  5 
 2  14	  22.7582  -37.0274   5.0  5 
31  18	  24.7238  -53.6778   4.0  1 
 1  15	  24.4661  -53.8052   4.0  1 
 2  15	  22.4445  -36.9764   4.0  1 
 2  15	  22.1854  -36.9857   4.0  1 
31  19	  24.3601  -54.0523   4.0  1 
31  19	  24.2309  -54.1105   4.0  1 
31  19	  24.1201  -54.1201   4.0  1 
 1  16	  23.7680  -54.1920   4.0  1 
 1  16	  23.3809  -54.2320   4.0  1 
 2  16	  21.6380  -37.2395   4.0  1 
 2  16	  21.3577  -37.2962   4.0  1 
 2  16	  21.1682  -37.3250   4.0  1 
 1  17	  22.7088  -54.4776   4.0  1 
 2  17	  20.7299  -37.4275   4.0  1 
 2  17	  20.3644  -37.4714   4.0  1 
 2  17	  20.1130  -37.5547   4.0  1 
31  22	  20.3525  -54.7529   4.0  1 
31  22	  20.1468  -54.7386   4.0  1 
 1  18	  19.2664  -55.0343   4.0  1 
 2  18	  17.5637  -37.8736   4.0  1 
 2  18	  17.2444  -37.8679   4.0  1 
 1  19	  18.2667  -55.0562   4.0  1 
 1  19	  17.8510  -55.0673   4.0  1 
 2  19	  16.0306  -37.9334   4.0  1 
 1  20	  17.3157  -55.2746   4.0  1 
 1  20	  17.1970  -55.3150   4.0  1 
 1  20	  17.0465  -55.3607   4.0  1 
 1  20	  17.0166  -55.4154   4.0  1 
 1  20	  16.9153  -55.3674   4.0  1 
 2  20	  14.8792  -38.0912   4.0  1 
 1  21	  26.2250  -53.7630   5.0  5 Northern
 1  21	  26.1990  -53.9530   5.0  5 
 1  21	  26.1460  -54.0850   5.0  5 
 1  21	  26.1330  -54.2310   5.0  5 
 2  21	  23.9440  -36.7970   5.0  5 
 2  21	  23.9850  -36.5630   5.0  5 
 2  21	  24.0520  -36.2850   5.0  5 
 2  21	  24.0790  -36.1680   5.0  5 
