# catl.06
# nam=1 afr=2 -360 fz=5
# --------------------------------------------------------------------
 1  1	  37.2192  -35.5553   4.0  1 
 1  1	  36.9711  -35.7345   4.0  1 
 2  1	  36.3269  -30.7999   4.0  1 
 2  1	  36.3034  -30.8173   4.0  1 
 2  1	  36.1786  -30.9795   4.0  1 
 2  1	  36.0202  -31.0993   4.0  1 
 1  2	  35.7490  -37.1324   4.0  1 
 1  2	  35.6069  -37.2759   4.0  1 
 2  2	  35.1083  -32.3372   4.0  1 
 2  2	  35.0404  -32.3160   4.0  1 
 2  2	  34.6333  -32.5498   4.0  1 
31  3	  35.5790  -38.1200   5.0  5 Oceanographer
31  3	  35.5370  -37.8820   5.0  5 
31  3	  35.4950  -37.6780   5.0  5 
31  3	  35.4810  -37.4410   5.0  5 
32  3	  34.7980  -33.6180   5.0  5 
32  3	  34.7420  -33.4140   5.0  5 
32  3	  34.7130  -33.2280   5.0  5 
32  3	  34.6850  -33.0240   5.0  5 
 1  3	  35.2641  -38.7546   4.0  1 
 2  3	  34.6860  -33.6956   4.0  1 
 2  3	  34.5183  -33.9113   4.0  1 
 2  3	  34.4000  -34.0167   4.0  1 
 1  4	  34.9686  -39.1924   4.0  1 
 1  4	  34.7941  -39.3230   4.0  1 
 2  4	  34.1257  -34.4108   4.0  1 
 2  4	  34.0832  -34.3894   4.0  1 
31  6	  34.0940  -41.2290   5.0  5 Hayes
31  6	  34.0370  -41.0080   5.0  5 
31  6	  33.9810  -40.8550   5.0  5 
31  6	  33.9100  -40.6000   5.0  5 
32  6	  33.2270  -36.1160   5.0  5 
32  6	  33.1850  -35.8100   5.0  5 
32  6	  33.1270  -35.6060   5.0  5 
32  6	  33.0990  -35.4020   5.0  5 
32  6	  33.2927  -36.3996   5.0  5 
32  6	  33.3187  -36.5263   5.0  5 
32  6	  33.3429  -36.6138   5.0  5 
 1  5	  33.2132  -42.0067   4.0  1 
 2  5	  32.4263  -37.0037   4.0  1 
 2  5	  32.3873  -37.0023   4.0  1 
 2  5	  32.3178  -37.0223   4.0  1 
 1  6	  32.8963  -42.0896   4.0  1 
 2  6	  32.1891  -37.1989   4.0  1 
 2  6	  31.6966  -37.6262   4.0  1 
 2  6	  31.5357  -37.7680   4.0  1 
 1  7	  31.7685  -43.2077   4.0  1 
 1  7	  31.4052  -43.4096   4.0  1 
 2  7	  31.1414  -38.0386   4.0  1 
 2  7	  30.6337  -38.4766   4.0  1 
 1  8	  31.1186  -44.1500   4.0  1 
 1  8	  30.9284  -44.2557   4.0  1 
 1  8	  30.7685  -44.3897   4.0  1 
 2  8	  29.9852  -39.4239   4.0  1 
 2  8	  29.8379  -39.4528   4.0  1 
 2  8	  29.7257  -39.6092   4.0  1 
 1  9	  30.5057  -44.9093   4.0  1 
 1  9	  30.4585  -44.9652   4.0  1 
 1  9	  30.3839  -45.0127   4.0  1 
 1  9	  30.2495  -45.2080   4.0  1 
 1  9	  30.1742  -45.2535   4.0  1 
 1  9	  30.0623  -45.3364   4.0  1 
 1  9	  29.9518  -45.3514   4.0  1 
 1  9	  29.8231  -45.5028   4.0  1 
 1  9	  29.5904  -45.5801   4.0  1 
 1  9	  29.0558  -45.9785   4.0  1 
 1  9	  28.9504  -46.0573   4.0  1 
 2  9	  29.3954  -40.2262   4.0  1 
 2  9	  29.2364  -40.3816   4.0  1 
 2  9	  29.0192  -40.4796   4.0  1 
 2  9	  28.8126  -40.6243   4.0  1 
 2  9	  28.6448  -40.7961   4.0  1 
 2  9	  28.4689  -40.8656   4.0  1 
 2  9	  28.2134  -40.9969   4.0  1 
 1  10	  28.6553  -46.1493   4.0  1 
 1  10	  28.5820  -46.1598   4.0  1 
 2  10	  28.0362  -41.1556   4.0  1 
 1  11	  28.5447  -46.2315   4.0  1 
 1  11	  28.5231  -46.2835   4.0  1 
 1  11	  28.4922  -46.2970   4.0  1 
 1  11	  28.4431  -46.3090   4.0  1 
 1  11	  28.3641  -46.3339   4.0  1 
 1  11	  28.2761  -46.3436   4.0  1 
 1  11	  28.2110  -46.3767   4.0  1 
 1  11	  28.1560  -46.4306   4.0  1 
 2  11	  27.7093  -41.2185   4.0  1 
 2  11	  27.4452  -41.3595   4.0  1 
 2  11	  27.3311  -41.4005   4.0  1 
 1  12	  27.9734  -46.4574   4.0  1 
 1  12	  27.9216  -46.4708   4.0  1 
 1  12	  27.8750  -46.5192   4.0  1 
 1  12	  27.8048  -46.5441   4.0  1 
 1  12	  27.7840  -46.5632   4.0  1 
 2  12	  27.1870  -41.5279   4.0  1 
 2  12	  27.0463  -41.6683   4.0  1 
 1  13	  27.7211  -46.6718   4.0  1 
 1  13	  27.6565  -46.6624   4.0  1 
 2  13	  26.9503  -41.7047   4.0  1 
 1  14	  27.5126  -46.7253   4.0  1 
 1  14	  27.4324  -46.7453   4.0  1 
 1  14	  27.3835  -46.7505   4.0  1 
 2  14	  26.5729  -41.8304   4.0  1 
 1  15	  27.3038  -46.8597   4.0  1 
 1  15	  27.2233  -46.9085   4.0  1 
 1  15	  27.1526  -46.9396   4.0  1 
 1  15	  27.1096  -46.9592   4.0  1 
 2  15	  26.5286  -41.9207   4.0  1 
 2  15	  26.4716  -41.9587   4.0  1 
 1  16	  27.0559  -47.1001   4.0  1 
 1  16	  26.9646  -47.0913   4.0  1 
 1  16	  26.9071  -47.1396   4.0  1 
 1  16	  26.7594  -47.1729   4.0  1 
 2  16	  26.2913  -42.0673   4.0  1 
 2  16	  26.2642  -42.0575   4.0  1 
 2  16	  26.2014  -42.1127   4.0  1 
 2  16	  26.1001  -42.0832   4.0  1 
 2  16	  26.0500  -42.0808   4.0  1 
 1  17	  26.4822  -47.2808   4.0  1 
 1  17	  26.3852  -47.4001   4.0  1 
 2  17	  25.7470  -42.2599   4.0  1 
 2  17	  25.7239  -42.2858   4.0  1 
 2  17	  25.5688  -42.4508   4.0  1 
 1  18	  26.2122  -47.5039   4.0  1 
 1  18	  26.0704  -47.5283   4.0  1 
 2  18	  25.3711  -42.5160   4.0  1 
 2  18	  25.2392  -42.4952   4.0  1 
 1  19	  25.9801  -47.6176   4.0  1 
 1  19	  25.8834  -47.6197   4.0  1 
 2  19	  25.1481  -42.5989   4.0  1 
 2  19	  25.0741  -42.5627   4.0  1 
 1  20	  25.7056  -47.6795   4.0  1 
 2  20	  24.9458  -42.6416   4.0  1 
 2  20	  24.8072  -42.7211   4.0  1 
 2  20	  24.7859  -42.7189   4.0  1 
 1  21	  25.4741  -48.0353   4.0  1 
 1  21	  25.2275  -48.2284   4.0  1 
 2  21	  24.5792  -43.1177   4.0  1 
 2  21	  24.5502  -43.1607   4.0  1 
 2  21	  24.4806  -43.1384   4.0  1 
 2  21	  24.4238  -43.2204   4.0  1 
 1  22	  24.9293  -48.3195   4.0  1 
 2  22	  24.3540  -43.2282   4.0  1 
 2  22	  24.2998  -43.2547   4.0  1 
 2  22	  24.2093  -43.2487   4.0  1 
 2  22	  24.1840  -43.2719   4.0  1 
 1  23	  24.7560  -48.5922   4.0  1 
 1  23	  24.6800  -48.6247   4.0  1 
 1  23	  24.6462  -48.6211   4.0  1 
 1  23	  24.5679  -48.6144   4.0  1 
31  23	  24.4066  -48.6053   4.0  1 
31  23	  24.3604  -48.6660   4.0  1 
 2  23	  23.9279  -43.5139   4.0  1 
 2  23	  23.8899  -43.5555   4.0  1 
 1  24	  24.2433  -48.7161   5.0  5 Kane
 1  24	  24.2023  -48.5958   5.0  5 
 1  24	  24.1550  -48.4803   5.0  5 
 1  24	  24.1309  -48.3704   5.0  5 
 1  24	  24.1089  -48.2379   5.0  5 
 1  24	  24.0716  -48.1135   5.0  5 
 1  24	  24.0514  -47.9858   5.0  5 
 1  24	  24.0356  -47.8581   5.0  5 
 1  24	  24.0154  -47.7318   5.0  5 
 2  24	  23.4506  -43.6183   5.0  5 
 2  24	  23.4107  -43.4768   5.0  5 
 2  24	  23.3716  -43.3209   5.0  5 
 2  24	  23.3664  -43.2084   5.0  5 
 2  24	  23.3188  -43.0875   5.0  5 
 2  24	  23.2788  -42.9536   5.0  5 
 2  24	  23.2484  -42.8101   5.0  5 
32  24	  23.2010  -42.6555   5.0  5 
 1  25	  23.7603  -47.8023   4.0  1 
 2  25	  23.0993  -42.7064   4.0  1 
 2  25	  22.8683  -42.8320   4.0  1 
 1  26	  23.5916  -47.8158   4.0  1 
 1  26	  23.3424  -47.9446   4.0  1 
 2  26	  22.5699  -42.8455   4.0  1 
 1  27	  22.7237  -47.9102   4.0  1 
 1  27	  22.5683  -47.9429   4.0  1 
 1  27	  22.5274  -47.9646   4.0  1 
 2  27	  22.2337  -42.8999   4.0  1 
 2  27	  21.8843  -42.8631   4.0  1 
 2  27	  21.7619  -42.8762   4.0  1 
 1  28	  22.1785  -47.9736   4.0  1 
 1  28	  22.0829  -47.9346   4.0  1 
 1  28	  21.9730  -47.9216   4.0  1 
 2  28	  21.2577  -42.8810   4.0  1 
31  29	  19.5814  -48.1853   4.0  1 
 1  29	  19.4297  -48.4262   4.0  1 
 2  29	  19.5113  -43.1268   4.0  1 
 2  29	  19.0317  -43.2655   4.0  1 
 2  29	  18.5056  -43.4197   4.0  1 
32  29	  18.1879  -43.3707   4.0  1 
 1  30	  17.6032  -48.8821   4.0  1 
 1  30	  17.4414  -48.9093   4.0  1 
 1  30	  17.2317  -48.9945   4.0  1 
 1  30	  17.0496  -49.0716   4.0  1 
 2  30	  16.8517  -43.8236   4.0  1 
 2  30	  16.7910  -43.8198   4.0  1 
 2  30	  16.5905  -43.7914   4.0  1 
 2  30	  16.1867  -43.9112   4.0  1 
 1  31	  16.7020  -49.0662   4.0  1 
 1  31	  16.6636  -49.0825   4.0  1 
 1  31	  16.6173  -49.0987   4.0  1 
 1  31	  16.5394  -49.0962   4.0  1 
 2  31	  15.8285  -44.0203   4.0  1 
 1  32	  16.3136  -49.1717   4.0  1 
 1  32	  16.2283  -49.1650   4.0  1 
 1  32	  15.9560  -49.1834   4.0  1 
 2  32	  15.3193  -44.0526   4.0  1 
 1  33	  30.5020  -44.8470   5.0  5 Atlantis
 1  33	  30.4580  -44.7110   5.0  5 
 1  33	  30.4430  -44.5410   5.0  5 
 2  33	  29.6750  -40.0400   5.0  5 
 2  33	  29.6450  -39.8530   5.0  5 
 2  33	  29.6160  -39.6660   5.0  5 
