# catl.24
# nam=1 afr=2 -360 fz=5
# --------------------------------------------------------------------
 1  1	  37.4465  -41.2365   4.0  1 
 1  1	  37.2719  -41.3190   4.0  1 
 2  1	  35.2401  -26.9824   4.0  1 
 1  2	  33.0596  -48.0072   4.0  1 
 1  2	  32.3547  -48.3870   4.0  1 
31  2	  31.7010  -48.5978   4.0  1 
31  2	  31.3968  -48.6052   4.0  1 
32  2	  31.0935  -32.7796   4.0  1 
 2  2	  30.5440  -33.3438   4.0  1 
 2  2	  29.8483  -33.7134   4.0  1 
 1  3	  31.3300  -49.9090   5.0  5 Atlantis
 1  3	  31.3610  -49.7630   5.0  5 
 1  3	  31.3770  -49.6000   5.0  5 
 1  3	  31.3770  -49.3990   5.0  5 
 2  3	  28.9090  -34.8180   5.0  5 
 2  3	  28.9410  -34.6360   5.0  5 
 2  3	  28.9570  -34.4360   5.0  5 
 2  3	  29.0050  -34.2350   5.0  5 
 1  4	  31.0987  -50.2771   4.0  1 
 2  4	  28.7598  -35.3416   4.0  1 
 2  4	  28.6623  -35.4023   4.0  1 
32  5	  28.1319  -35.6742   4.0  1 
 1  5	  30.1686  -50.9558   4.0  1 
 1  5	  29.9814  -51.0547   4.0  1 
 2  5	  27.5971  -36.0229   4.0  1 
 2  5	  27.3974  -36.0523   4.0  1 
 1  6	  29.5523  -51.4872   4.0  1 
 1  6	  29.2646  -51.6231   4.0  1 
 1  6	  29.2363  -51.6256   4.0  1 
 2  6	  26.6858  -36.5078   4.0  1 
 1  7	  28.9683  -51.7444   4.0  1 
 1  7	  28.9165  -51.7427   4.0  1 
 1  7	  28.8613  -51.7917   4.0  1 
 2  7	  26.4769  -36.5535   4.0  1 
 2  7	  26.4234  -36.5848   4.0  1 
 1  8	  28.0952  -52.0792   4.0  1 
 1  8	  27.9008  -52.1416   4.0  1 
 1  8	  27.8209  -52.1575   4.0  1 
 1  8	  27.7666  -52.1619   4.0  1 
 1  8	  27.7091  -52.1958   4.0  1 
 2  8	  25.6265  -36.9257   4.0  1 
 2  8	  25.5875  -36.8764   4.0  1 
 2  8	  25.3929  -36.9101   4.0  1 
 2  8	  25.2610  -36.9373   4.0  1 
 1  9	  27.5298  -52.3537   4.0  1 
 2  9	  25.0838  -37.1083   4.0  1 
 2  9	  24.9748  -37.1751   4.0  1 
 1  10	  27.2983  -52.4138   4.0  1 
 1  10	  27.2096  -52.4817   4.0  1 
 1  10	  27.1747  -52.4829   4.0  1 
 1  10	  27.0994  -52.5674   4.0  1 
 1  10	  26.9852  -52.6722   4.0  1 
 2  10	  24.6544  -37.2381   4.0  1 
 2  10	  24.5098  -37.3265   4.0  1 
 1  11	  26.8659  -52.6899   4.0  1 
 1  11	  26.8303  -52.6910   4.0  1 
 2  11	  24.3218  -37.4302   4.0  1 
 2  11	  24.2219  -37.4525   4.0  1 
 2  11	  24.1672  -37.4699   4.0  1 
 1  12	  26.6365  -52.7795   4.0  1 
 1  12	  26.4966  -52.7875   4.0  1 
 1  12	  26.3707  -52.7914   4.0  1 
 2  12	  24.0315  -37.5596   4.0  1 
 2  12	  23.8339  -37.5144   4.0  1 
31  14	  25.9591  -53.4401   4.0  1 
 1  13	  25.7033  -53.6715   4.0  1 
 1  13	  25.3116  -53.7724   4.0  1 
 2  13	  23.2071  -38.2448   4.0  1 
 2  13	  22.9053  -38.3406   4.0  1 
 1  14	  25.0618  -53.8310   5.0  5 Kane
 1  14	  25.0728  -53.6692   5.0  5 
 1  14	  25.0882  -53.5184   5.0  5 
31  14	  25.1371  -53.3857   5.0  5 
31  14	  25.1534  -53.2747   5.0  5 
 2  14	  22.5123  -38.2728   5.0  5 
 2  14	  22.5302  -38.1403   5.0  5 
 2  14	  22.5691  -38.0174   5.0  5 
 2  14	  22.5634  -37.8733   5.0  5 
 2  14	  22.5806  -37.7381   5.0  5 
 1  15	  24.7520  -53.1105   4.0  1 
 1  15	  24.5987  -53.1884   4.0  1 
 1  15	  24.4912  -53.2227   4.0  1 
 2  15	  22.0792  -37.7901   4.0  1 
 2  15	  21.8606  -37.8417   4.0  1 
 2  15	  21.7753  -37.8290   4.0  1 
 2  15	  21.5646  -37.8771   4.0  1 
 1  16	  23.9170  -53.4552   4.0  1 
 1  16	  23.6923  -53.4641   4.0  1 
 1  16	  23.5969  -53.4635   4.0  1 
 1  16	  23.5241  -53.4692   4.0  1 
 2  16	  21.3221  -37.9405   4.0  1 
 2  16	  20.9891  -38.0103   4.0  1 
 2  16	  20.7718  -37.9954   4.0  1 
 1  17	  17.3404  -54.5305   4.0  1 
 1  17	  17.2093  -54.6888   4.0  1 
31  17	  16.9992  -54.6498   4.0  1 
31  17	  16.9280  -54.6597   4.0  1 
32  17	  17.2816  -38.3643   4.0  1 
32  17	  15.4616  -38.4951   4.0  1 
 2  17	  14.9091  -38.5074   4.0  1 
 1  18	  26.2800  -53.3160   5.0  5 Northern
 1  18	  26.2950  -53.0950   5.0  5 
 2  18	  23.6760  -38.0780   5.0  5 
 2  18	  23.7390  -37.9080   5.0  5 
 2  18	  23.7700  -37.7210   5.0  5 
