# rdm satl.05  new fz from geosat  sigma_mag=4.0 sigma_fz=5.0 km
# sam=1 afr=2    mag=1 fz=5
# --------------------------------------------------------------------
 1  1	  -8.0363  -14.8813   4.0  1     
 2  1	  -8.2653  -11.9450   4.0  1     
 2  1	  -8.6286  -11.8351   4.0  1     
 1  2	 -12.8494  -16.3400   4.0  1     
 1  2	 -13.2994  -16.3875   4.0  1     
 2  2	 -12.6037  -13.1224   4.0  1     
 1  3	 -15.3994  -15.0661  10.0  1     
 1  3	 -15.6451  -14.9482  10.0  1     
 2  3	 -13.9684  -12.1292  10.0  1     
 1  4	 -26.3621  -15.7029   4.0  1     
 2  4	 -25.7363  -12.2439   4.0  1     
 2  4	 -26.1655  -12.0565   4.0  1     
31  5	 -28.4912  -14.3741   4.0  1     
31  5	 -28.6970  -14.6283   4.0  1     
32  5	 -28.2455  -10.8512   4.0  1     
 1  5	 -30.3295  -15.5797   4.0  1     
 1  5	 -30.4485  -15.6005   4.0  1     
 1  5	 -30.5944  -15.5698   4.0  1     
 1  5	 -30.8305  -15.5062   4.0  1     
 1  5	 -31.8893  -15.2437   4.0  1     
 2  5	 -30.4415  -11.9736   4.0  1     
 1  6	 -33.6147  -16.1504   4.0  1     
 2  6	 -32.0234  -12.4886   4.0  1 used to be in seg#13
 2  6	 -32.0234  -12.4886   4.0  1     
 2  6	 -33.1091  -12.4759   4.0  1     
 1  7	 -34.5862  -17.1691   4.0  1     
 1  7	 -34.9972  -17.2686   4.0  1     
 1  7	 -35.1842  -17.2461   4.0  1     
 2  7	 -34.0318  -13.5075   4.0  1     
 2  7	 -34.5998  -13.5652   4.0  1     
 1  8	 -43.0512  -18.6325   4.0  1     
 1  8	 -43.7346  -18.6183   4.0  1     
 2  8	 -43.0744  -14.2758   4.0  1     
31  10	 -47.8954  -12.7275   4.0  1    Does not fit/different segment 
 1  9	 -48.9796  -12.3953   4.0  1     
 1  9	 -48.7855  -12.5125   4.0  1     
 2  9	 -48.2386   -8.1088   4.0  1     
 1  10	 -12.6250  -16.3830   5.0  5 FZ    
 1  10	 -12.6020  -16.2190   5.0  5     
 1  10	 -12.5560  -15.9860   5.0  5     
 2  10	 -11.9590  -13.2560   5.0  5     
 2  10	 -11.9360  -13.0920   5.0  5     
 2  10	 -11.8900  -12.9050   5.0  5     
 1  11	 -12.0600  -15.7670   5.0  5     
 1  11	 -12.0400  -15.5420   5.0  5     
 1  11	 -12.0000  -15.2760   5.0  5     
 2  11	 -11.4350  -12.6790   5.0  5     
 2  11	 -11.3750  -12.4540   5.0  5     
 2  11	 -11.3340  -12.1680   5.0  5     
 1  12	 -14.4740  -16.0090   5.0  5     
 1  12	 -14.3830  -15.6360   5.0  5     
 1  12	 -14.3380  -15.3330   5.0  5     
 2  12	 -13.7910  -12.8120   5.0  5     
 2  12	 -13.7450  -12.5090   5.0  5     
 2  12	 -13.6770  -12.2290   5.0  5     
 1  13	 -32.6030  -16.2190   5.0  5     
 1  13	 -32.5050  -15.7290   5.0  5     
 1  13	 -32.4060  -15.1690   5.0  5     
 2  13	 -31.8890  -12.5090   5.0  5     
 2  13	 -31.8300  -12.0420   5.0  5     
 2  13	 -31.7700  -11.5750   5.0  5     
# -------------------------------------------
31  20	 -51.3687   -7.2559  4.0 1
32  20	 -49.7844   -3.3513  4.0 1
# -------------------------------------------
31  21	 -53.1839   -7.2492  4.0 1
32  21	 -52.0602   -3.0622  4.0 1
# -------------------------------------------
31  22	 -54.7434   -4.8155  4.0 1
32  22	 -52.9385   -0.0350  4.0 1
32  22	 -53.3967    0.3515  4.0 1
