# rdm_satl.13  no equatorial fz sigma_mag=4.0 sigma_fz=5.0 km
# sam=1 afr=2    mag=1 fz=5
# ---------------------------------------------------------------
31 1 -13.2569 -21.3953  4.0 1
31 1 -14.3636 -21.3629  4.0 1
31 1 -14.9229 -20.9807 10.0 1
31 1 -14.9840 -20.9932 10.0 1
32 1 -12.5842  -8.6617 10.0 1 afr
# ---------------------------------------------------------------
 1  1	 -10.5547  -19.4792   4.0  1     
 2  1	  -7.7960   -7.2305   4.0  1     
 2  1	  -7.9621   -7.2220   4.0  1     
 2  1	  -8.6567   -7.1301   4.0  1     
 2  1	  -9.6548   -7.0882   4.0  1     
# ---------------------------------------------------------------
 1  2	 -16.6424  -20.9308   4.0  1     
 1  2	 -17.0445  -20.8878   4.0  1     
32 2 -13.6945  -7.5970 10.0 1 afr located on top of fz
 2  2	 -14.4283   -7.8064   4.0  1 afr    
# ---------------------------------------------------------------
 1  3	 -21.9932  -18.7678   4.0  1     
 1  3	 -22.4062  -18.8022   4.0  1     
 1  3	 -22.4496  -18.8567   4.0  1     
 2  3	 -19.5553   -4.9078   4.0  1     
# ---------------------------------------------------------------
 1  4	 -28.3102  -20.6299   4.0  1     
 1  4	 -28.4125  -20.6196   4.0  1     
 1  4	 -28.5687  -20.6073   4.0  1     
 1  4	 -28.7013  -20.5919   4.0  1     
 1  4	 -28.8301  -20.5776   4.0  1     
 1  4	 -28.9058  -20.5654   4.0  1     
 2  4	 -25.1758   -6.0430   4.0  1     
 2  4	 -25.8587   -5.8917   4.0  1     
 2  4	 -26.1040   -5.8195   4.0  1     
 2  4	 -26.2182   -5.7950   4.0  1     
 2  4	 -26.2868   -5.7711   4.0  1     
 2  4	 -26.3478   -5.7593   4.0  1     
 2  4	 -26.4091   -5.7495   4.0  1     
 2  4	 -26.4713   -5.7162   4.0  1     
# ---------------------------------------------------------------
 1  5	 -31.7096  -21.0751   4.0  1     
 2  5	 -29.5392   -5.6045   4.0  1     
 2  5	 -30.0372   -5.7208   4.0  1     
# ---------------------------------------------------------------
 1  6	 -36.9987  -25.9167   4.0  1     
 1  6	 -38.7275  -25.7029   4.0  1     
 2  6	 -34.6489   -9.6074   4.0  1     
 2  6	 -35.1235   -9.5262   4.0  1     
# ---------------------------------------------------------------
 1  7	 -38.7275  -25.7029   4.0  1     
 2  7	 -36.6698   -9.0802   4.0  1     
 2  7	 -36.9087   -9.0210   4.0  1     
# ---------------------------------------------------------------
 1  8	 -44.5332  -25.5987   4.0  1     
 1  8	 -45.7912  -26.0388   4.0  1     
 2  8	 -42.2461   -7.7371   4.0  1     
# ---------------------------------------------------------------
 1  9	 -49.3496  -20.4531   4.0  1     
 1  9	 -49.4202  -20.3438   4.0  1     
 1  9	 -50.2508  -20.2289   4.0  1     
 2  9	 -46.8222   -1.6024   4.0  1     
 2  9	 -47.2495   -0.9273   4.0  1     
# ---------------------------------------------------------------
 1  10	 -53.1260  -16.6675   4.0  1     
31 12 -54.8656 -15.6901 4.0 1
 2  10	 -50.2732    2.9702   4.0  1     
 2  10	 -50.4747    3.0864   4.0  1     
# ---------------------------- FZ's
 1  11	 -13.2920  -21.2890   5.0  5     
 1  11	 -13.2920  -21.1050   5.0  5     
 1  11	 -13.2520  -20.9000   5.0  5     
 2  11   -10.8900  -8.5970 5 5
 2  11   -10.8290  -8.4330 5 5
 2  11   -10.7680  -8.2080 5 5
 1  12	 -18.9030  -20.8380   5.0  5     
 1  12	 -18.9030  -20.5930   5.0  5     
 1  12	 -18.8830  -20.4900   5.0  5     
 2  12	 -16.3950   -7.3500   5.0  5     
 2  12	 -16.3560   -7.0640   5.0  5     
 1  13	 -21.7740  -19.5710   5.0  5     
 1  13	 -21.7740  -19.1830   5.0  5     
 1  13	 -21.7550  -18.8560   5.0  5     
 2  13	 -19.1170   -5.7150   5.0  5     
 2  13	 -19.0780   -5.4090   5.0  5     
 2  13	 -19.0190   -5.1430   5.0  5     
# ------------------------------------ Unused mag picks
31 12 -54.9256 -13.2304 1
31 12 -47.4439 -24.2291 1
31 12  -47.8036 -24.1715 1
31 21  -50.7924 -18.1482 1
31 12   -6.8674 -17.1276 1
31 12 -18.0304 -20.7795 1
31 12  -19.4275 -20.3624 1
31 12  -23.8574 -20.9509 1
31 12  -25.6955 -21.5409 1
31 12  -25.8414 -21.7555 1
31 12  -26.4003 -21.6383 1
31 12  -27.9284 -20.8728 1
31 12  -29.5148 -20.6954 1
31 12  -33.1009 -20.5408 1
31 12  -34.6163 -23.4468 1
31 12  -36.1380 -24.5130 1
31 12  -40.1796 -25.0239 1
31 12  -40.9948 -25.4446 1
31 12  -42.9854 -26.3758 1
31 12  -10.5547 -19.4792 1
32 12 -50.9412 6.8533 4.0 1
32 12 -51.7401 7.4938 4.0 1
32 12 -51.7895 7.6031 4.0 1
32 12  -38.3767  -8.2397 2
32 12  -40.4225  -9.0872 2
32 12  -44.2849  -6.0790 2
32 12  -47.2495  -0.9273 2
32 12  -47.4490   1.1043 2
32 12  -13.6945  -7.5970 2
32 12  -15.1031  -7.5871 2
32 12  -17.6018  -6.1882 2
32 12  -21.9606  -6.8518 2
32 12  -22.3793  -6.7493 2
32 12  -27.7673  -6.1627 2
32 12  -29.5392  -5.6045 2
32 12  -33.9612  -8.4445 2
32 12  -36.6698  -9.0802 2
32 12  -46.8222  -1.6024 2
