# rdm_satl.25 no equatorial fz    sigma_mag=4.0 sigma_fz=5.0 km
# sam-1 afr=2    mag=1 fz=5
# ---------------------------------------------------------------------
 1  1	 -10.8006  -24.3281   4.0  1     
 2  1	  -6.1797   -3.4467   4.0  1     
 2  1	  -7.6987   -3.0361   4.0  1     
# ---------------------------------------------------------------------
 1  2	 -20.0200  -24.4813   4.0  1     
 1  2	 -20.4283  -24.3724   4.0  1     
 1  2	 -20.4300  -24.3746   4.0  1     
 1  2	 -20.9959  -24.3438   4.0  1     
 2  2	 -16.3470   -1.4811   4.0  1     
 2  2	 -16.7483   -1.4712   4.0  1     
 2  2	 -17.4012   -1.2348   4.0  1     
# ---------------------------------------------------------------------
31 0 -25.6722 -25.8865 4.0 1
31 0 -25.7672 -25.9562 4.0 1
31 0 -26.2797 -26.2102 4.0 1
32 0 -23.4652 -2.6481 4.0 1 ?? is it a conjugate point
# ---------------------------------------------------------------------
 1  3	 -28.7855  -25.2583   4.0  1     
 1  3	 -29.0431  -25.1791   4.0  1     
 2  3	 -24.7309   -0.6245   4.0  1     
 2  3	 -25.0332   -0.5291   4.0  1     
 2  3	 -25.7834   -0.3544   4.0  1     
# ---------------------------------------------------------------------
31 5 -30.3371 -26.0344 4.0 1
 1  4	 -31.8697  -25.7002   4.0  1     
 1  4	 -32.3314  -25.7461   4.0  1     
 1  4	 -32.4425  -25.7560   4.0  1     
 2  4	 -28.0128   -0.6188   4.0  1     
 2  4	 -28.8920   -0.1746   4.0  1     
# ---------------------------------------------------------------------
31  4	 -33.4762  -26.9630   4.0  1     
32  4	 -30.0844   -1.3781   4.0  1     
32  4	 -30.2445   -1.3700   4.0  1     
# ---------------------------------------------------------------------
 1  5	 -34.6764  -29.0250   4.0  1     
 1  5	 -35.0025  -28.9891   4.0  1     
 2  5	 -31.7137   -2.6500   4.0  1     
 2  5	 -32.5103   -2.5299   4.0  1     
 2  5	 -32.6728   -2.5290   4.0  1     
# ---------------------------------------------------------------------
 1  6	 -42.6581  -32.3639   4.0  1     
 1  6	 -43.0268  -32.3461   4.0  1     
32 9 -38.3371 -3.5714 4.0 1
 2  6	 -39.6683   -3.6414   4.0  1     
# ---------------------------- FZ's
 1  7	 -13.3180  -26.4180   5.0  5     
 1  7	 -13.3400  -26.2210   5.0  5     
 1  7	 -13.3610  -26.0030   5.0  5     
 2  7	 -10.2670   -4.6510   5.0  5     
 2  7	 -10.2030   -4.4550   5.0  5     
 2  7	 -10.1380   -4.0620   5.0  5     
 1  8	 -15.2750  -26.4610   5.0  5     
 1  8	 -15.2750  -26.2210   5.0  5     
 2  8	 -12.0760   -3.8000   5.0  5     
 2  8	 -11.9900   -3.4730   5.0  5     
31  9	 -21.8640  -24.3670   5.0  5     
 1  9	 -21.8440  -24.1710   5.0  5     
 1  9	 -21.8440  -23.9530   5.0  5     
 2  9    -18.203    -0.6830   5.0  5
 2  9	 -18.1750   -0.4630   5.0  5     
 1  10	 -30.0850  -26.0660   5.0  5     
 1  10	 -30.0850  -25.9360   5.0  5     
 1  10	 -30.1040  -25.7620   5.0  5     
 2  10	 -26.5420   -0.5170   5.0  5     
 2  10	 -26.4830   -0.2340   5.0  5     
 1  11	 -33.2020  -26.8720   5.0  5     
 1  11	 -33.2020  -26.4360   5.0  5     
 1  11	 -33.2020  -25.9580   5.0  5     
 2  11	 -29.8860   -1.1040   5.0  5     
 2  11	 -29.8480   -0.7780   5.0  5     
 2  11	 -29.7910   -0.4730   5.0  5     
# --------------------------- Unused mag picks
31 0  -14.1149 -26.4976 1
31 0  -15.8416 -25.3531 1
31 0  -17.3882 -25.2488 1
31 0  -17.8701 -25.3487 1
31 0  -45.9937 -31.1934 1
31 0  -47.7208 -30.3771 1
31 0  -34.0048 -28.0061 1
31 0  -35.4820 -30.0823 1
31 0  -36.0071 -30.3532 1
31 0  -36.5347 -31.5554 1
31 0  -37.0383 -31.4703 1
31 0  -39.7372 -31.8469 1
31 0  -37.0041 -31.4648 1
31 0  -37.0041 -31.4657 1
32 0  -36.7300  -3.6102 1
32 0  -19.7960  -0.4026 1
32 0  -21.0845  -1.5962 1
32 0  -31.1378  -1.9073 1
32 0  -36.1959  -3.9127 1
32 0  -31.1096  -1.8560 1
