# rdm_satl.30 no equatorial fz    sigma_mag=4.0 sigma_fz=5.0 km
# sam=1 afr=2   mag=1 fz=5
# -------------------------------------------------------------------------
 1  1	 -10.7326  -26.0568   4.0  1     
 1  1	 -12.0697  -25.7744   4.0  1     
 2  1	  -7.6647   -1.8934   4.0  1     
 2  1	  -7.8143   -1.8884   4.0  1     
 2  1	  -8.7213   -1.6701   4.0  1     
# -------------------------------------------------------------------------
 1  2	 -20.7384  -25.7872   4.0  1     
 1  2	 -20.7312  -25.7759   4.0  1     
 1  2	 -20.7704  -25.8259   4.0  1     
 2  2	 -15.9722   -0.2845   4.0  1     
 2  2	 -16.9793    0.0723   4.0  1     
 2  2	 -17.1334    0.0443   4.0  1     
# -------------------------------------------------------------------------
 1  3	 -25.6060  -27.2121   4.0  1     
 1  3	 -25.8453  -27.3377   4.0  1     
 1  3	 -26.1622  -27.4462   4.0  1     
 2  3	 -20.9052   -0.2742   4.0  1     
# -------------------------------------------------------------------------
 1  4	 -28.0390  -26.7453   4.0  1     
 1  4	 -28.1250  -26.7711   4.0  1     
 1  4	 -28.2265  -26.7504   4.0  1     
 1  4	 -28.3880  -26.7424   4.0  1     
 1  4	 -28.4941  -26.7342   4.0  1     
 1  4	 -28.6265  -26.7236   4.0  1     
31  4	 -28.9189  -26.8589   4.0  1     
 2  4	 -24.5234    0.5488   4.0  1     
# -------------------------------------------------------------------------
 1  5	 -30.0000  -27.3722   4.0  1     
 1  5	 -30.3608  -27.4223   4.0  1     
 1  5	 -30.6760  -27.3747   4.0  1     
 1  5	 -31.0257  -27.4228   4.0  1     
 2  5	 -26.8229    0.5242   4.0  1     
 2  5	 -27.5558    0.6029   4.0  1     
 2  5	 -27.7448    0.6619   4.0  1     
# -------------------------------------------------------------------------
31  5	 -31.5946  -27.1741   4.0  1     
 1  6	 -32.0620  -27.3900   4.0  1     
 1  6	 -32.1203  -27.3722   4.0  1     
 1  6	 -32.4944  -27.3514   4.0  1     
 1  6	 -32.5630  -27.3671   4.0  1     
 2  6	 -28.0250    0.6846   4.0  1     
32  5	 -29.1084    1.2986   4.0  1     
# -------------------------------------------------------------------------
# 1  0	 -36.3719  -32.4830   4.0  1
# -------------------------------------------------------------------------
 1  7	 -36.6172  -33.1684   4.0  1     
 1  7	 -36.9393  -33.1305   4.0  1     
 1  7	 -37.0331  -33.1092   4.0  1     
 2  7	 -33.8664   -3.4112   4.0  1     
 2  7	 -34.3817   -3.1960   4.0  1     
# -------------------------------------------------------------------------
 1  8	 -38.0362  -33.1306   4.0  1     
 2  8	 -34.6503   -3.1096   4.0  1     
 2  8	 -34.6760   -3.1105   4.0  1     
 2  8	 -34.9107   -3.0652   4.0  1     
# -------------------------------------------------------------------------
 1  9	 -39.4918  -33.0828   4.0  1     
 1  9	 -39.6737  -33.2080   4.0  1     
 2  9	 -36.3731   -2.5593   4.0  1     
32  7	 -36.0029   -2.6351   4.0  1     
# -------------------------------------------------------------------------
31  10	 -42.3661  -33.8922   4.0  1     
 1  10	 -42.9727  -33.8327   4.0  1     
 1  10	 -43.2706  -33.8640   4.0  1     
 2  10	 -38.4412   -2.4516   4.0  1     
 2  10	 -39.4985   -2.3559   4.0  1     
# -------------------------------------------------------------------------
 1  11	 -13.3350  -27.8500   5.0  5     
 1  11	 -13.2900  -27.5470   5.0  5     
 1  11	 -13.3350  -27.2200   5.0  5     
 2  11	  -9.9040   -2.9440   5.0  5     
 2  11	  -9.7880   -2.5700   5.0  5     
 2  11	  -9.7180   -2.3360   5.0  5     
 1  12	 -15.2720  -27.8040   5.0  5     
 1  12	 -15.2720  -27.4300   5.0  5     
 1  12	 -15.2720  -26.9860   5.0  5     
 2  12	 -11.8440   -2.8040   5.0  5     
 2  12	 -11.7980   -2.5000   5.0  5     
 2  12	 -11.7520   -2.1960   5.0  5     
 1  13	 -21.8850  -25.7230   5.0  5     
 1  13	 -21.8630  -25.4430   5.0  5     
 2  13	 -18.0240    0.2040   5.0  5     
 2  13	 -17.9570    0.4610   5.0  5     
 2  13	 -17.8900    0.6240   5.0  5     
 1  14	 -30.1200  -26.8670   5.0  5     
 1  14	 -30.1000  -26.6340   5.0  5     
 1  14	 -30.1200  -26.4240   5.0  5     
 2  14	 -26.3390    0.4840   5.0  5     
 2  14	 -26.3180    0.6240   5.0  5     
 2  14	 -26.2550    0.7640   5.0  5     
# ---------------------------- Unused mag picks
31 0  -10.3764 -25.9138 1
31 0  -14.3284 -27.9149 1
31 0  -15.9580 -26.7294 1
31 0  -17.6496 -26.5349 1
31 0  -18.0335 -26.4797 1
31 0  -47.8823 -32.0263 1
31 0   -6.6063 -23.6688 1
31 0  -23.0331 -25.2444 1
31 0  -33.4803 -28.6973 1
31 0  -34.9783 -30.3153 1
31 0  -35.5067 -31.5819 1
31 0  -36.0260 -32.3887 1
31 0  -36.3719 -32.4830 1
31 0  -40.6487 -32.7001 1
31 0  -40.9181 -32.5541 1
31 0  -41.0096 -32.7467 1
31 0  -45.0239 -33.4544 1
31 0  -27.3433 -29.4797 1
32 0  -37.3246  -1.8377 1
32 0  -41.1242  -1.1703 1
32 0   -5.4900  -2.3605 1
32 0  -10.3492  -2.8928 1
32 0  -19.2278   0.8454 1
32 0  -30.9729  -0.5983 1
