# satl.32 new fz from dense satgrav sigma_mag=4.0 sigma_fz=5.0 km
# sam=1 afr=2     mag=1 fz=5
# ----------------------------------------------------------
 1  1	 -14.4244  -28.6786   4.0  1     
 2  1	 -10.4823   -2.3817   4.0  1     
 2  1	 -10.9586   -2.2558   4.0  1     
# ----------------------------------------------------------
 1  2	 -17.8457  -27.4862   4.0  1     
 1  2	 -18.1680  -27.4140   4.0  1     
 2  2	 -13.4726   -0.3174   4.0  1     
# ----------------------------------------------------------
 1  3	 -20.9146  -26.8081   4.0  1     
 1  3	 -21.3840  -26.8680   4.0  1     
 2  3	 -15.7130    0.6467   4.0  1     
 2  3	 -16.6237    0.7694   4.0  1     
# ----------------------------------------------------------
 1  4	 -22.7664  -25.6588   4.0  1     
 2  4	 -17.6993    2.1752   4.0  1     
 2  4	 -17.7560    2.1709   4.0  1     
 2  4	 -18.3451    2.3356   4.0  1     
 2  4	 -18.4977    2.3832   4.0  1     
# ----------------------------------------------------------
 1  5	 -23.0648  -26.4748   4.0  1     
 1  5	 -23.3390  -26.5951   4.0  1     
 2  5	 -18.8762    1.5615   4.0  1     
# ----------------------------------------------------------
 1  6	 -27.3823  -30.4893   4.0  1     
 2  6	 -23.4410   -1.3078   4.0  1     
 2  6	 -23.5234   -1.3619   4.0  1     
# ----------------------------------------------------------
 1  7	 -28.2641  -27.6759   4.0  1     
 1  7	 -28.8850  -27.5795   4.0  1     
 1  7	 -28.9846  -27.6553   4.0  1     
 2  7	 -24.3760    1.6749   4.0  1     
 2  7	 -24.9868    1.8825   4.0  1     
# ----------------------------------------------------------
 1  8	 -31.2739  -28.3419   4.0  1     
 1  8	 -31.5195  -28.3892   4.0  1     
 1  8	 -31.7634  -28.3325   4.0  1     
 1  8	 -31.8795  -28.3568   4.0  1     
 1  8	 -31.8804  -28.3093   4.0  1     
 1  8	 -32.1521  -28.3592   4.0  1     
 1  8	 -32.2630  -28.3695   4.0  1     
 1  8	 -32.3738  -28.3804   4.0  1     
 1  8	 -32.4946  -28.3857   4.0  1     
31  8	 -32.8192  -28.5017   4.0  1     
 2  8	 -27.1552    1.7510   4.0  1     
 2  8	 -27.4469    1.8257   4.0  1     
 2  8	 -27.8674    1.8685   4.0  1     
# ----------------------------------------------------------
 1  9	 -40.5034  -33.8262   4.0  1     
 1  9	 -40.7761  -33.7627   4.0  1     
 1  9	 -40.9232  -33.8972   4.0  1     
 2  9	 -37.1392   -0.7165   4.0  1     
# ---------------------------- FZ's
 1  10	 -13.3560  -28.6960   5.0  5     
 1  10	 -13.3330  -28.4620   5.0  5     
 1  10	 -13.3560  -28.2050   5.0  5     
 2  10	  -9.6660   -2.1700   5.0  5     
 2  10	  -9.6190   -1.9120   5.0  5     
32  10	  -9.5500   -1.7020   5.0  5     
 1  11	 -21.9230  -26.6710   5.0  5     
 1  11	 -21.9040  -26.3040   5.0  5     
 1  11	 -21.8850  -26.0600   5.0  5     
 2  11	 -17.7370    1.1840   5.0  5     
 2  11	 -17.6480    1.5340   5.0  5     
 2  11	 -17.5810    1.7680   5.0  5     
# --------------------------- Unused mag picks
31 0  -12.1717 -26.9655 1
31 0  -16.0591 -27.6112 1
31 0  -47.7549 -33.3857 1
31 0  -47.9231 -33.3765 1
31 0   -6.3519 -24.9768 1
31 0  -25.5735 -28.3008 1
31 0  -25.7477 -28.5733 1
31 0  -26.1071 -28.4163 1
31 0  -34.5526 -34.0439 1
31 0  -35.0578 -33.8737 1
31 0  -35.5264 -34.0348 1
31 0  -36.4019 -33.8657 1
31 0  -36.6130 -34.3935 1
31 0  -37.0223 -34.4537 1
31 0  -37.5536 -34.4274 1
31 0  -37.5863 -34.4231 1
31 0  -37.9679 -34.4352 1
31 0  -38.9079 -34.4417 1
31 0  -39.6382 -34.4744 1
31 0  -42.9562 -35.2032 1
31 0  -43.9209 -34.4926 1
31 0  -44.6952 -34.8409 1
31 0  -45.9368 -34.5416 1
31 0  -36.9697 -34.4379 1
32 0  -36.1049  -1.5120 1
32 0  -38.1713  -1.2510 1
32 0  -39.3042  -1.1852 1
32 0  -41.0154  -0.2754 1
32 0   -7.7888  -1.0436 1
32 0   -8.7234  -0.9961 1
32 0  -17.3693   1.0393 1
32 0  -34.0427  -2.3417 1
32 0  -34.0886  -2.3534 1
32 0  -34.2948  -2.2279 1
32 0  -34.4052  -2.1758 1
32 0  -34.8991  -2.0732 1
32 0  -20.8063   0.6848 1
