# rdm_satl.24 no equatorial fz    sigma_mag=4.0 sigma_fz=5.0 km
# sam=1 afr=2
# -----------------------------------------------------------------------
 1  1	 -11.0583  -23.5411   4.0  1     
 1  1	 -11.7122  -23.6960   4.0  1     
32  1	  -6.4036   -3.9314   4.0  1     
 2  1	  -7.7122   -3.5232   4.0  1     
 2  1	  -8.7188   -3.3959   4.0  1     
# -----------------------------------------------------------------------
 1  2	 -19.7413  -23.9639   4.0  1     
 1  2	 -20.3157  -23.8823   4.0  1     
 2  2	 -16.5058   -2.0217   4.0  1     
 2  2	 -16.5901   -2.0532   4.0  1     
# -----------------------------------------------------------------------
 1  3	 -22.4212  -22.7675   4.0  1     
 1  3	 -22.7432  -22.8577   4.0  1     
 2  3	 -18.4270   -0.5994   4.0  1     
# -----------------------------------------------------------------------
 1  4	 -28.0125  -24.8086   4.0  1     
 1  4	 -28.5690  -24.8862   4.0  1     
 2  4	 -24.9070   -1.2735   4.0  1     
# -----------------------------------------------------------------------
 1  5	 -28.7459  -24.6798   4.0  1     
 2  5	 -25.2309   -1.0316   4.0  1     
 2  5	 -25.7133   -0.8508   4.0  1     
# -----------------------------------------------------------------------
31  5	 -34.4983  -28.2261   4.0  1     
31  5	 -34.7338  -28.2854   4.0  1     
31  5	 -35.0069  -28.3157   4.0  1     
32  5	 -32.3309   -2.9684   4.0  1     
32  5	 -32.5609   -3.1845   4.0  1     
# -----------------------------------------------------------------------
 1  6	 -35.4145  -29.4870   4.0  1     
 1  6	 -35.4813  -29.4990   4.0  1     
 1  6	 -35.9897  -29.7803   4.0  1     
 1  6	 -36.0386  -29.7606   4.0  1     
 2  6	 -33.7519   -4.2361   4.0  1     
# -----------------------------------------------------------------------
 1  7	 -39.7808  -31.1150   4.0  1     
31  7	 -41.0322  -31.0525   4.0  1     
 2  7	 -36.1831   -4.3840   4.0  1     
 2  7	 -36.8806   -4.0927   4.0  1     
32  7	 -37.4124   -3.8245   4.0  1     
# -----------------------------------------------------------------------
 1  8	 -49.8216  -25.8305   4.0  1     
 2  8	 -45.3122    2.7612   4.0  1     
 2  8	 -45.6059    3.1622   4.0  1     
# --------------------------- FZ's
 1  9	 -15.2320  -25.9360   5.0  5     
 1  9	 -15.2530  -25.5660   5.0  5     
 1  9	 -15.2320  -25.1740   5.0  5     
 2  9	 -12.1900   -4.8260   5.0  5     
 2  9	 -12.1260   -4.4780   5.0  5     
 2  9	 -12.1260   -4.1730   5.0  5     
 1  10	 -18.8740  -24.8690   5.0  5     
 1  10	 -18.8530  -24.6300   5.0  5     
 1  10	 -18.8740  -24.2170   5.0  5     
 2  10	 -15.6330   -3.2150   5.0  5     
 2  10	 -15.5490   -2.8890   5.0  5     
 2  10	 -15.5280   -2.4970   5.0  5     
 1  11	 -21.8700  -23.7380   5.0  5     
 1  11	 -21.8900  -23.2810   5.0  5     
 1  11	 -21.8700  -22.9110   5.0  5     
 2  11	 -18.3550   -1.4530   5.0  5     
 2  11	 -18.3140   -1.1480   5.0  5     
 2  11	 -18.2300   -0.7780   5.0  5     
 1  12	 -30.0560  -25.5220   5.0  5     
 1  12	 -30.0560  -25.1960   5.0  5     
 1  12	 -30.0370  -24.8690   5.0  5     
 2  12	 -26.6690   -1.4090   5.0  5     
 2  12	 -26.6100   -1.0170   5.0  5     
 2  12	 -26.5910   -0.6690   5.0  5     
# --------------------------- Unused mag picks
31  0	 -36.5324  -30.8126  4.0  1 
31  0	 -37.0069  -30.7540  4.0  1 
31  0	 -37.0463  -30.7406  4.0  1 
31  0	 -37.3199  -30.6760  4.0  1 
31 0  -14.0340 -25.9796 1
31 0  -15.0764 -25.9786 1
31 0  -15.7668 -24.9483 1
31 0  -16.3653 -24.6052 1
31 0  -16.9998 -24.7305 1
31 0  -17.3106 -24.7604 1
31 0  -17.7922 -24.8282 1
31 0  -23.6875 -23.4579 1
31 0  -25.7131 -25.2872 1
31 0  -25.7600 -25.3748 1
31 0  -26.3077 -25.8249 1
31 0  -27.4585 -25.0564 1
31 0  -34.0077 -27.4372 1
31 0  -34.3606 -27.5383 1
31 0  -42.7822 -31.8070 1
31 0  -43.0300 -31.8288 1
31 0  -45.3887 -31.7153 1
31 0  -45.4215 -31.7355 1
31 0  -46.6298 -30.2225 1
31 0  -51.0488 -24.2194 1
31 0  -51.4949 -23.9585 1
31 0  -53.2976 -23.2613 1
31 0  -53.5089 -23.0696 1
32 0  -11.8649  -5.2162 1
32 0  -17.6411  -1.7860 1
32 0  -20.1315  -1.0821 1
32 0  -21.1659  -2.1338 1
32 0  -23.4859  -3.2929 1
32 0  -24.3199  -2.9890 1
32 0  -26.9827  -1.4098 1
32 0  -27.2256  -1.3966 1
32 0  -28.1988  -1.2523 1
32 0  -30.7277  -1.8920 1
32 0  -30.8860  -2.5136 1
32 0  -31.1176  -2.5493 1
32 0  -38.2454  -4.3924 1
32 0  -39.7395  -4.2163 1
32 0  -41.3978  -3.1996 1
