# rdm_satl.08  no equatorial fz's sigma_mag=4.0 sigma_fz=5.0 km
# sam=1 afr=2    mag=1 fz=5
# -------------------------------------------------------------------------
 1  1	 -10.3238  -18.0453   4.0  1     
 1  1	 -10.3169  -18.0383   4.0  1     
 2  1	  -9.3469   -8.8389   4.0  1     
# -------------------------------------------------------------------------
31  2	 -12.9073  -19.8749   4.0  1     
 1  2	 -13.4039  -19.7305   4.0  1     
 1  2	 -13.9627  -19.5572   4.0  1     
 2  2	 -12.9112  -10.0451   4.0  1     
# -------------------------------------------------------------------------
 1  3	 -22.2916  -17.0822   4.0  1     
 2  3	 -19.8523   -6.7095   4.0  1     
 2  3	 -19.9908   -6.7394   4.0  1     
# -------------------------------------------------------------------------
 1  4	 -25.7478  -19.4489   4.0  1     
 1  4	 -25.8913  -19.4523   4.0  1     
 1  4	 -26.4022  -19.4689   4.0  1     
 2  4	 -23.9533   -8.6179   4.0  1     
# -------------------------------------------------------------------------
31  5	 -28.3177  -19.1265   4.0  1     
31  5	 -28.6920  -18.6310   4.0  1     
32  5	 -25.7750   -7.8824   4.0  1     
32  5	 -26.0814   -7.7999   4.0  1     
# -------------------------------------------------------------------------
 1  5	 -30.5595  -19.3365   4.0  1     
 2  5	 -28.7837   -8.0738   4.0  1     
 2  5	 -29.2950   -7.7324   4.0  1     
# -------------------------------------------------------------------------
 1  6	 -31.8186  -19.3528   4.0  1     
 2  6	 -30.4559   -7.8946   4.0  1     
 2  6	 -30.9781   -7.7700   4.0  1     
# -------------------------------------------------------------------------
 1  7	 -36.9816  -23.8106   4.0  1     
 2  7	 -36.4001  -11.3684   4.0  1     
 2  7	 -36.8841  -11.1980   4.0  1     
# -------------------------------------------------------------------------
 1  8	 -42.8594  -23.8402   4.0  1     
 1  8	 -42.9073  -23.8002   4.0  1     
 2  8	 -40.5525  -10.9654   4.0  1     
32 12 -42.5801 -10.1226 4.0 1
# -----------------------------
 1  9	 -49.2669  -17.8004   4.0  1     
 1  9	 -49.5090  -17.7480   4.0  1     
 2  9	 -47.4064   -3.9065   4.0  1     
# ----------------------------- FZ's
 1  10	 -13.1440  -19.7550   5.0  5     
 1  10	 -13.1040  -19.5910   5.0  5     
 1  10	 -13.1040  -19.3050   5.0  5     
 2  10	 -11.1740  -10.1290   5.0  5     
 2  10	 -11.1140   -9.9050   5.0  5     
# -----------------------------
 1  11	 -15.0990  -19.6530   5.0  5     
 1  11	 -15.0590  -19.3870   5.0  5     
 1  11	 -15.0190  -19.1010   5.0  5     
 2  11	 -12.9810   -9.5230   5.0  5     
# -----------------------------
 1  12	 -21.6310  -17.7320   5.0  5     
 1  12	 -21.5930  -17.4860   5.0  5     
 1  12	 -21.5360  -17.2000   5.0  5     
 2  12	 -19.4760   -7.3710   5.0  5     
 2  12	 -19.3980   -7.0640   5.0  5     
 2  12	 -19.3010   -6.6760   5.0  5     
# -----------------------------
 1  13	 -34.4100  -21.1840   5.0  5     
 1  13	 -34.3760  -20.6940   5.0  5     
 1  13	 -34.3420  -20.3060   5.0  5     
 2  13	 -32.5280   -9.5710   5.0  5     
 2  13	 -32.4760   -9.0820   5.0  5     
# -----------------------------
 1  14	 -35.1000  -21.7760   5.0  5     
 1  14	 -35.0830  -21.4080   5.0  5     
 2  14	 -33.2000   -9.9390   5.0  5     
 2  14	 -33.1490   -9.5310   5.0  5     
# ----------------------------- Unused mag picks
31 15  -34.6471 -21.3526 1
31 15  -29.8091 -19.0270 1
31 15  -23.8968 -19.1328 1
31 15  -18.8333 -18.4148 1
31 15  -17.0006 -18.8229 1
31 15  -16.5462 -18.8249 1
31 15  -16.3104 -18.8823 1
31 15  -52.2677 -13.9555 1
31 15  -51.8525 -14.3828 1
31 15  -48.4305 -17.8811 1
31 15  -47.0184 -21.6114 1
31 15  -46.6934 -21.5431 1
31 15  -40.1117 -22.1312 1
32 15  -35.2142 -11.6709 1
32 15  -38.7277  -9.7529 1
32 15  -51.4494   4.2540 1
32 15  -17.5748  -7.8735 1
32 15  -22.4521  -8.5264 1
32 15  -22.8249  -8.4337 1
32 15  -31.5440  -8.5498 1
32 15  -32.1430  -8.5271 1
32 15  -32.8824  -9.5782 1
32 15  -34.4820 -11.0691 1
32 15  -33.9226  -9.8324 1
32 15  -39.0078 -10.7194 1
32 15  -45.0144  -8.0276 1
32 15  -27.4298  -7.0970 1
