# rdm_satl.18  no equatorial fz
# sam=1 afr=2   mag=1 fz=5
# -----------------------------------------------------------------
 1  1	 -10.9841  -20.6582   4.0  1     
 1  1	 -11.7702  -20.6777   4.0  1     
32  1	  -7.3536   -6.1817   4.0  1     
 2  1	  -7.7435   -5.9634   4.0  1     
32  1	  -8.7032   -5.7066   4.0  1     
# -----------------------------------------------------------------
 1  2	 -16.9005  -22.2339   4.0  1     
 1  2	 -17.3126  -22.2479   4.0  1     
 2  2	 -13.3053   -6.5602   4.0  1     
# -----------------------------------------------------------------
 1  3	 -21.9739  -20.0246   4.0  1     
 1  3	 -22.5095  -20.0900   4.0  1     
 2  3	 -19.2244   -3.6497   4.0  1     
# -----------------------------------------------------------------
 1  4	 -26.3285  -23.2428   4.0  1     
 1  4	 -26.6152  -23.1918   4.0  1     
 2  4	 -22.9587   -5.8862   4.0  1     
# -----------------------------------------------------------------
31  5	 -28.5926  -21.7683   4.0  1     
 1  5	 -29.2659  -22.0462   4.0  1     
31  5	 -29.4381  -21.8392   4.0  1     
 2  5	 -25.4684   -4.5419   4.0  1     
 2  5	 -25.7607   -4.4854   4.0  1     
 2  5	 -25.5854   -4.4753   4.0  1     
 2  5	 -25.9002   -4.4333   4.0  1     
 2  5	 -26.0712   -4.3714   4.0  1     
# -----------------------------------------------------------------
31 7 -29.8261 -21.5161 4.0 1 diff from seg#7
# -----------------------------------------------------------------
31  6	 -33.0357  -22.0599   4.0  1     
32  6	 -29.3911   -4.3324   4.0  1     
32  6	 -29.6581   -4.1316   4.0  1     
# -----------------------------------------------------------------
 1  6	 -34.5373  -24.9787   4.0  1 FZ?    
 2  6	 -31.9929   -6.3713   4.0  1     
 2  6	 -32.2181   -6.4750   4.0  1     
# -----------------------------------------------------------------
 1  7	 -36.9559  -27.4155   4.0  1     
 2  7	 -34.3758   -8.1662   4.0  1     
 2  7	 -34.9205   -7.9334   4.0  1     
# -----------------------------------------------------------------
 1  8	 -40.2817  -26.7740   4.0  1     
 1  8	 -40.9044  -27.0909   4.0  1     
 2  8	 -37.6936   -6.6453   4.0  1     
# -----------------------------------------------------------------
 1  9	 -45.3127  -27.7350   4.0  1     
 1  9	 -45.8536  -27.7952   4.0  1     
31  10	 -46.1862  -27.6514   4.0  1     
31  10	 -46.2506  -27.6418   4.0  1     
 2  9	 -41.9958   -6.3493   4.0  1     
# -----------------------------------------------------------------
 1  10	 -49.5667  -22.2773   4.0  1     
 2  10	 -46.3633    0.3780   4.0  1     
 2  10	 -46.5059    0.5619   4.0  1     
# ----------------------------- FZ's
 1  11	 -13.3150  -22.6510   5.0  5     
 1  11	 -13.3150  -22.4260   5.0  5     
 1  11	 -13.3150  -22.2220   5.0  5     
 2  11	 -10.6400   -7.4310   5.0  5     
 2  11	 -10.5800   -7.2060   5.0  5     
 2  11	 -10.5590   -7.0020   5.0  5     
 1  12	 -18.9020  -22.3650   5.0  5     
 1  12	 -18.9210  -22.0790   5.0  5     
 1  12	 -18.9210  -21.7310   5.0  5     
 2  12	 -16.1970   -6.3480   5.0  5     
 2  12	 -16.1580   -6.2050   5.0  5     
 2  12	 -16.1380   -6.0420   5.0  5     
 1  13	 -21.8680  -20.8320   5.0  5     
 1  13	 -21.8490  -20.5060   5.0  5     
 1  13	 -21.8290  -20.2200   5.0  5     
 2  13	 -18.8630   -4.5300   5.0  5     
 2  13	 -18.8240   -4.2030   5.0  5     
 2  13	 -18.7460   -3.8760   5.0  5     
 1  14	 -30.0620  -22.6510   5.0  5     
 1  14	 -30.0440  -22.3440   5.0  5     
 1  14	 -30.0440  -21.9770   5.0  5     
 2  14	 -27.2360   -4.9180   5.0  5     
 2  14	 -27.1780   -4.4480   5.0  5     
 2  14	 -27.1080   -4.1020   5.0  5     
# --------------------------- Unused mag data
31 14 -47.7224 -26.1958 1
31 14 -47.7926 -26.1798 1
31 14-50.5071 -19.9858 1
31 14 -51.2863 -19.8711 1
31 14 -53.6374 -18.7538 1
31 14  -6.8007 -18.2863 1
31 14 -13.4283 -22.6644 1
31 14 -14.6622 -23.0287 1
31 14 -15.1814 -22.1463 1
31 14 -19.7451 -21.6294 1
31 14 -25.6636 -22.8535 1
31 14 -33.6836 -24.0211 1
31 14 -36.0549 -26.0015 1
31 14 -36.2158 -25.9221 1
31 14 -42.9642 -28.1776 1
31 14 -43.8420 -27.7948 1
31 14 -27.4471 -23.2813 1
32 14 -35.1236  -7.9067 2
32 14 -35.8238  -7.7025 2
32 14 -40.1989  -7.7180 2
32 14 -49.1663   4.0455 2
32 14 -49.4204   4.1970 2
32 14 -12.3411  -7.7433 2
32 14 -15.4913  -6.5079 2
32 14 -17.3250  -4.8102 2
32 14 -21.5814  -5.6472 2
32 14 -22.0284  -5.4512 2
32 14 -28.3570  -4.5526 2
32 14 -30.8151  -5.3620 2
32 14 -32.9361  -6.9792 2
32 14 -36.5202  -7.6115 2
