# rdm_satl.06 no equatorial fz's sigma_mag=4.0 sigma_fz=5.0 km
# sam=1 afr=2    mag=1 fz=5
#               sigma_mag=4.0 sigma_fz=5.0 km
# ---------------------------------------------------------------
 1  1	 -11.8159  -16.6892   4.0  1     
 2  1	  -8.9296  -10.2378   4.0  1     
 2  1	  -9.1210  -10.1379   4.0  1     
# ---------------------------------------------------------------
 1  2	 -16.1912  -17.0187   4.0  1     
 2  2	 -14.3925  -10.2281   4.0  1     
 2  2	 -14.5411  -10.1996   4.0  1     
# ---------------------------------------------------------------
 1  3	 -22.1541  -15.5869   4.0  1     
 2  3	 -20.7301   -8.2349   4.0  1     
 2  3	 -20.7040   -8.2292   4.0  1     
# ---------------------------------------------------------------
 1  4	 -28.4746  -17.3078   4.0  1     
31  4	 -28.6876  -17.0805   4.0  1     
 2  4	 -25.9963   -9.6667   4.0  1     
 2  4	 -26.0871   -9.6193   4.0  1     
 2  4	 -26.2558   -9.4995   4.0  1     
 2  4	 -26.5253   -9.5383   4.0  1     
# ---------------------------------------------------------------
 1  5	 -30.6244  -17.8773   4.0  1     
 1  5	 -30.7451  -17.8607   4.0  1     
 1  5	 -30.8532  -17.8533   4.0  1     
 1  5	 -30.9721  -17.8246   4.0  1     
 1  5	 -31.0761  -17.7909   4.0  1     
 1  5	 -31.1868  -17.7534   4.0  1     
 1  5	 -31.8250  -17.6193   4.0  1     
 2  5	 -29.1033   -9.9120   4.0  1     
 2  5	 -30.0120   -9.7744   4.0  1     
 2  5	 -30.3855   -9.6205   4.0  1     
# -----------------------------------------------------------
31  24	 -33.3128  -18.6295 4.0 1 sam
32  24	 -32.0887  -10.4467 4.0 1 afr
# -----------------------------------------------------------
 1  6	 -37.0014  -22.0215   4.0  1     
 2  6	 -35.3128  -13.3325   4.0  1     
 2  6	 -35.7628  -13.4317   4.0  1     
# ---------------------------------------------------------------
 1  7	 -38.2547  -21.9728   4.0  1     
 2  7	 -36.8306  -13.0927   4.0  1     
 2  7	 -36.9941  -13.1463   4.0  1     
# ---------------------------------------------------------------
 1  8	 -42.7780  -21.8205   4.0  1     
 1  8	 -42.9079  -21.6781   4.0  1     
 2  8	 -40.5528  -12.7795   4.0  1     
 2  8	 -42.9057  -12.2771   4.0  1     
# ---------------------------------------------------------------
 1  9	 -49.8562  -15.3379   4.0  1     
 1  9	 -48.8318  -15.4756   4.0  1     
 1  9	 -49.1326  -15.4225   4.0  1     
 2  9	 -47.8042   -5.7289   4.0  1     
# ------------------------------------- FZ's
 1  10	 -12.8320  -17.4250   5.0  5     
 1  10	 -12.9120  -17.6910   5.0  5     
 1  10	 -12.9720  -18.0990   5.0  5     
 2  10	 -11.3640  -10.7420   5.0  5     
 2  10	 -11.4440  -11.0290   5.0  5     
 2  10	 -11.4850  -11.3350   5.0  5     
 1  11	 -16.9790  -17.3810   5.0  5     
 1  11	 -16.9390  -17.1760   5.0  5     
 1  11	 -16.9000  -16.8890   5.0  5     
 2  11	 -15.4560   -9.9730   5.0  5     
 2  11	 -15.5950  -10.5050   5.0  5     
 1  12	 -27.3600  -17.6910   5.0  5     
 1  12	 -27.3230  -17.4860   5.0  5     
 2  12	 -25.9090  -10.0270   5.0  5     
 2  12	 -25.8530   -9.7820   5.0  5     
 1  13	 -32.7830  -17.4820   5.0  5     
 1  13	 -32.8870  -18.1150   5.0  5     
 2  13	 -31.3400   -9.4130   5.0  5     
 2  13	 -31.4100   -9.7400   5.0  5     
 2  13	 -31.4620  -10.0870   5.0  5     
