# rdm_satl.21 no equatorial fz sigma_mag=4.0 sigma_fz=5.0 km
#   sam=1   afr=2   mag=1 fz=5
# ----------------------------------------------------------------------
 1  1	 -11.3877  -22.3770   4.0  1     
 1  1	 -11.4640  -22.3215   4.0  1     
 2  1	  -6.8369   -4.9341   4.0  1     
 2  1	  -7.7391   -4.7153   4.0  1     
 2  1	  -8.7128   -4.4266   4.0  1     
# ----------------------------------------------------------------------
 1  2	 -14.9474  -24.8641   4.0  1     
 2  2	 -11.4464   -6.4517   4.0  1     
 2  2	 -12.0224   -6.4623   4.0  1     
# ----------------------------------------------------------------------
 1  3	 -22.1612  -21.7821   4.0  1     
 1  3	 -22.6362  -21.7993   4.0  1     
 2  3	 -18.7786   -1.9134   4.0  1     
# ----------------------------------------------------------------------
# 1 0 -23.8032 -22.2594 4.0 1 north of Rio fz
# ----------------------------------------------------------------------
# 2 0 -20.9605 -3.6900 4.0 1 south of Rio fz
# 2 0 -21.5035 -3.4540 4.0 1 south of Rio fz
# ----------------------------------------------------------------------
 1  4	 -25.6949  -24.1838   4.0  1     
 1  4	 -25.7475  -24.1600   4.0  1     
 1  4	 -26.3094  -24.3254   4.0  1     
 2  4	 -22.9856   -3.8034   4.0  1     
# ----------------------------------------------------------------------
 1  5	 -28.2055  -23.6384   4.0  1     
 1  5	 -28.3033  -23.6398   4.0  1     
 1  5	 -28.4349  -23.6330   4.0  1     
 1  5	 -28.6446  -23.6224   4.0  1     
 1  5	 -28.9004  -23.5834   4.0  1     
 2  5	 -24.8550   -2.6081   4.0  1     
 2  5	 -25.1275   -2.5718   4.0  1     
 2  5	 -25.2619   -2.5606   4.0  1     
 2  5	 -25.5746   -2.4432   4.0  1     
 2  5	 -25.8001   -2.4000   4.0  1     
# ----------------------------------------------------------------------
 1  6	 -29.3970  -23.4297   4.0  1     
 2  6	 -26.3775   -2.1598   4.0  1     
 2  6	 -26.6476   -2.1620   4.0  1     
# ----------------------------------------------------------------------
 1  7	 -32.6597  -24.0569   4.0  1     
 2  7	 -29.7877   -1.9754   4.0  1     
 2  7	 -29.1890   -2.0485   4.0  1     
# ----------------------------------------------------------------------
 1  8	 -33.9915  -26.1183   4.0  1     
 1  8	 -34.3727  -26.1745   4.0  1     
 2  8	 -31.1116   -3.5520   4.0  1     
# ----------------------------------------------------------------------
31  9	 -36.5159  -29.1336   4.0  1     
 1  9	 -36.8363  -29.3077   4.0  1     
 1  9	 -36.9825  -29.2948   4.0  1     
 1  9	 -37.0184  -29.3149   4.0  1     
 1  9	 -37.7231  -29.3462   4.0  1     
 2  9	 -34.3503   -6.0777   4.0  1     
 2  9	 -34.9987   -5.8873   4.0  1     
 2  9	 -35.0629   -5.8545   4.0  1     
# ----------------------------------------------------------------------
31  10	 -39.8645  -29.7885   4.0  1     
 1  10	 -40.6482  -29.4432   4.0  1     
 1  10	 -41.0009  -29.4508   4.0  1     
32  10	 -36.2682   -5.5779   4.0  1     
 2  10	 -36.5876   -5.3097   4.0  1     
 2  10	 -37.2118   -5.1735   4.0  1     
# ----------------------------------------------------------------------
 1  11	 -42.9537  -30.4307   4.0  1     
 1  11	 -42.9882  -30.4335   4.0  1     
 2  11	 -39.9080   -5.6188   4.0  1     
# ----------------------------------------------------------------------
 1  12	 -45.0286  -29.8726   4.0  1     
 1  12	 -45.7773  -30.0289   4.0  1     
 1  12	 -45.9841  -29.9390   4.0  1     
 2  12	 -41.6644   -4.5901   4.0  1     
# ----------------------------------------------------------------------
 1  13	 -49.7542  -24.4329   4.0  1     
 2  13	 -45.7147    1.9790   4.0  1     
 2  13	 -45.8971    2.1158   4.0  1     
 2  13	 -46.3848    3.0403   4.0  1     
# ----------------------------------------------------------------------
31  14	 -51.0664  -22.7385   4.0  1     
31  14	 -51.3584  -22.2879   4.0  1     
31  14	 -51.7261  -22.2715   4.0  1     
31  14	 -52.0260  -22.3637   4.0  1     
32  14	 -46.3848    3.0403   4.0  1     
32  14	 -47.7524    5.4246   4.0  1     
# ----------------------------- FZ's
 1  14	 -13.2470  -24.5100   5.0  5     
 1  14	 -13.2870  -24.2650   5.0  5     
 1  14	 -13.3070  -24.0610   5.0  5     
 2  14	 -10.3920   -6.2860   5.0  5     
 2  14	 -10.3120   -5.9180   5.0  5     
 1  15	 -18.8880  -23.6730   5.0  5     
 1  15	 -18.8880  -23.3880   5.0  5     
 1  15	 -18.8680  -23.0610   5.0  5     
 2  15	 -15.8510   -4.4490   5.0  5     
 2  15	 -15.7720   -4.1840   5.0  5     
 2  15	 -15.7520   -3.9390   5.0  5     
 1  16	 -21.8510  -22.3270   5.0  5     
 1  16	 -21.8320  -22.0410   5.0  5     
 1  16	 -21.8510  -21.7760   5.0  5     
 2  16	 -18.5380   -2.6530   5.0  5     
 2  16	 -18.4990   -2.3270   5.0  5     
 2  16	 -18.4600   -2.1220   5.0  5     
 1  17	 -30.0620  -24.3670   5.0  5     
 1  17	 -30.0790  -24.0190   5.0  5     
 1  17	 -30.0790  -23.6520   5.0  5     
 2  17	 -26.9220   -2.6920   5.0  5     
 2  17	 -26.8670   -2.4060   5.0  5     
 2  17	 -26.8300   -2.1600   5.0  5     
# --------------------------- Unused mag picks
31 0  -13.7899 -24.6209 1
31 0  -47.7573 -28.4247 1
31 0  -47.8400 -28.4468 1
31 0  -48.1631 -28.3862 1
31 0  -52.1405 -21.7827 1
31 0  -53.7883 -21.8398 1
31 0   -7.0302 -20.1994 1
31 0  -15.5794 -23.8821 1
31 0  -17.1572 -23.7198 1
31 0  -17.5774 -23.6683 1
31 0  -19.2592 -23.0359 1
31 0  -20.0253 -22.7711 1
31 0  -34.4915 -27.0083 1
31 0  -34.8996 -26.9166 1
31 0  -34.9627 -26.9003 1
31 0  -35.1399 -28.7200 1
31 0  -35.6006 -28.1772 1
31 0  -42.8151 -30.3552 1
31 0  -18.0806 -23.6408 1
31 0  -27.3373 -26.1107 1
32 0 -35.1803  -5.8161 2
32 0 -48.3532   5.4161 2
32 0 -50.6497   8.9995 2
32 0 -15.7865  -5.1459 2
32 0 -16.8144  -3.0475 2
32 0 -18.0351  -2.7728 2
32 0 -20.5371  -2.3007 2
32 0 -24.5357  -3.9780 2
32 0 -26.3775  -2.1598 2
32 0 -28.6454  -2.4164 2
32 0 -29.7877  -1.9754 2
32 0 -30.5159  -3.2389 2
32 0 -32.3141  -4.3568 2
32 0 -32.3917  -4.2675 2
32 0 -33.5531  -5.5420 2
32 0 -33.7891  -5.3095 2
