# rdm_satl.34 no equatorial fz   sigma_mag=4.0 sigma_fz=5.0 km
# sam=1 afr=2   mag=1 fz=5
# ---------------------------------------------------------------
 1  1	 -14.0474  -31.7112   4.0  1     
 1  1	 -14.8313  -31.6813   4.0  1     
 1  1	 -14.8834  -31.7013   4.0  1     
 2  1	  -9.7149    1.2459   4.0  1     
 2  1	  -9.9137    1.4287   4.0  1     
 2  1	 -10.0295    1.3706   4.0  1     
# ---------------------------------------------------------------
 1  2	 -15.8497  -31.4811   4.0  1     
 1  2	 -16.4722  -31.2726   4.0  1     
 1  2	 -16.5408  -31.3371   4.0  1     
 2  2	 -10.7430    1.8343   4.0  1     
# ---------------------------------------------------------------
 1  3	 -20.4187  -30.7526   4.0  1     
 1  3	 -20.5272  -30.7376   4.0  1     
 1  3	 -21.3437  -30.6248   4.0  1     
 2  3	 -14.5772    3.5148   4.0  1     
 2  3	 -14.7766    3.5504   4.0  1     
 2  3	 -15.1317    3.8452   4.0  1     
 2  3	 -15.5475    3.9805   4.0  1     
# ---------------------------------------------------------------
 1  4	 -22.4875  -30.2921   4.0  1     
31  4	 -22.8565  -30.0407   4.0  1     
 1  4	 -23.0564  -30.1112   4.0  1     
 1  4	 -23.3110  -29.9375   4.0  1     
 2  4	 -17.0027    4.8735   4.0  1     
 2  4	 -17.3125    5.0806   4.0  1     
# ---------------------------------------------------------------
 1  5	 -23.8162  -31.0068   4.0  1     
 1  5	 -23.9505  -30.9912   4.0  1     
 2  5	 -18.1643    4.3824   4.0  1     
# ---------------------------------------------------------------
 1  6	 -25.2373  -31.9638   4.0  1     
 1  6	 -25.3131  -31.8130   4.0  1     
 1  6	 -25.8487  -31.7596   4.0  1     
 2  6	 -19.7884    3.9950   4.0  1     
 2  6	 -20.0461    4.0701   4.0  1     
 2  6	 -20.4323    4.2503   4.0  1     
# ---------------------------------------------------------------
# 2  0	 -31.0498    1.3069   4.0 1
# 2  0	 -31.4463    1.3830   4.0 1
# 2  0	 -31.6594    1.3973   4.0 1
# ---------------------------------------------------------------
 1  7	 -37.2344  -38.9562   4.0  1     
 1  7	 -37.5197  -38.8911   4.0  1     
 2  7	 -32.6476    1.5208   4.0  1     
 2  7	 -32.6948    1.5128   4.0  1     
 2  7	 -33.2601    1.5969   4.0  1     
# ---------------------------------------------------------------
 1  8	 -37.9103  -38.8344   4.0  1     
 1  8	 -38.1804  -38.9227   4.0  1     
 2  8	 -33.3098    1.6767   4.0  1     
 2  8	 -34.2464    1.9668   4.0  1     
# ---------------------------------------------------------------
 1  9	 -38.8526  -38.8589   4.0  1     
 2  9	 -34.3127    2.0143   4.0  1     
 2  9	 -34.6028    2.2286   4.0  1     
 2  9	 -34.7101    2.2405   4.0  1     
 2  9	 -34.7886    2.2746   4.0  1     
# ---------------------------------------------------------------
 1  10	 -39.6731  -38.9251   4.0  1     
 1  10	 -39.8080  -38.6757   4.0  1     
 1  10	 -39.9202  -38.7049   4.0  1     
 2  10	 -35.4602    2.6424   4.0  1     
# ---------------------------------------------------------------
 1  11	 -40.5346  -38.6863   4.0  1     
 1  11	 -41.0060  -38.6472   4.0  1     
 1  11	 -41.9865  -38.5959   4.0  1     
 2  11	 -36.5378    3.2216   4.0  1     
# ---------------------------------------------------------------
 1  12	 -42.9798  -39.2645   4.0  1     
 1  12	 -43.1519  -39.2543   4.0  1     
 1  12	 -43.9497  -39.3003   4.0  1     
32  12	 -37.3385    2.4005   4.0 1 ??
 2  12	 -38.3418    3.4242   4.0  1     
# ---------------------------------------------------------------
# 2  0	 -40.0236    3.6643   4.0 1
# ---------------------------------------------------------------
# 1  0	 -45.5718  -39.9950   4.0 1
# 2  0	 -40.4962    3.3561   4.0 1
# ---------------------------------------------------------------
 1  13	 -46.2785  -40.1760   4.0  1     
 1  13	 -46.5771  -39.9620   4.0  1     
31  13	 -47.0076  -39.9063   4.0  1     
 2  13	 -42.4188    5.0710   4.0  1     
# ---------------------------------------------------------------
# 1  0	 -47.7213  -39.1361   4.0 1
# 1  0	 -47.8930  -39.1424   4.0 1
# ---------------------------------- FZ's
 1  14	 -13.7520  -31.6910   5.0  5     
 1  14	 -13.6960  -31.3470   5.0  5     
31  14	 -13.6960  -31.0030   5.0  5     
 2  14	  -8.5480    1.0320   5.0  5     
 2  14	  -8.4620    1.2320   5.0  5     
 1  15	 -23.3280  -30.9040   5.0  5     
 1  15	 -23.3550  -30.6330   5.0  5     
 1  15	 -23.3000  -30.3610   5.0  5     
 2  15	 -17.7120    4.5480   5.0  5     
 2  15	 -17.5680    4.8490   5.0  5     
 1  16	 -24.4480  -31.7810   5.0  5     
 1  16	 -24.4760  -31.4190   5.0  5     
 1  16	 -24.4480  -31.0560   5.0  5     
 2  16	 -19.0370    3.8330   5.0  5     
 2  16	 -18.8930    4.1950   5.0  5     
 2  16	 -18.7780    4.5570   5.0  5     
# -------------------------- Unused mag picks
31 0 -12.2846 -30.3567
31 0 -16.5799 -31.2941
31 0 -18.6659 -30.8556
31 0 -18.9771 -30.7814
31 0 -19.1494 -30.7618
31 0 -27.8707 -34.1147
31 0 -29.3517 -31.2611
31 0 -31.0310 -33.0120
31 0 -31.1953 -33.2139
31 0 -31.3849 -33.4650
31 0 -31.4621 -33.6487
31 0 -31.8535 -34.0004
31 0 -32.2153 -34.6459
31 0 -33.1658 -36.4771
31 0 -33.4068 -36.8453
31 0 -33.5551 -36.8727
31 0 -34.5266 -37.9232
31 0 -34.7966 -38.2080
31 0 -34.9021 -38.2373
31 0 -35.0984 -38.2980
31 0 -33.7161 -37.0425
32 0 -5.3203 -28.6588
32 0 -5.7461 -28.1257
32 0 -7.2418 -28.1286
32 0 -37.3385 2.4005
32 0 -38.3418 3.4242
32 0 -40.0236 3.6643
32 0 -40.4962 3.3561
32 0 -42.4188 5.0710
32 0 -35.4602 2.6424
