 309   1
   0.37617012E+02  0.40786595E+01
   0.37650764E+02  0.41047959E+01
   0.37677338E+02  0.41397772E+01
   0.37696445E+02  0.41798091E+01
   0.37709431E+02  0.42221017E+01
   0.37717777E+02  0.42652555E+01
   0.37722641E+02  0.43086514E+01
   0.37724823E+02  0.43520155E+01
   0.37724869E+02  0.43952274E+01
   0.37723186E+02  0.44382348E+01
   0.37720062E+02  0.44810176E+01
   0.37715721E+02  0.45235724E+01
   0.37710331E+02  0.45659027E+01
   0.37704021E+02  0.46080160E+01
   0.37696911E+02  0.46499214E+01
   0.37689072E+02  0.46916270E+01
   0.37680588E+02  0.47331419E+01
   0.37671516E+02  0.47744761E+01
   0.37661911E+02  0.48156371E+01
   0.37651810E+02  0.48566313E+01
   0.37641262E+02  0.48974667E+01
   0.37630283E+02  0.49381495E+01
   0.37618919E+02  0.49786849E+01
   0.37607185E+02  0.50190792E+01
   0.37595112E+02  0.50593367E+01
   0.37582710E+02  0.50994620E+01
   0.37570004E+02  0.51394596E+01
   0.37557011E+02  0.51793323E+01
   0.37543739E+02  0.52190843E+01
   0.37530209E+02  0.52587190E+01
   0.37516430E+02  0.52982388E+01
   0.37502411E+02  0.53376465E+01
   0.37488163E+02  0.53769445E+01
   0.37473694E+02  0.54161358E+01
   0.37459019E+02  0.54552217E+01
   0.37444145E+02  0.54942040E+01
   0.37429073E+02  0.55330858E+01
   0.37413815E+02  0.55718665E+01
   0.37398376E+02  0.56105499E+01
   0.37382759E+02  0.56491356E+01
   0.37366970E+02  0.56876264E+01
   0.37351017E+02  0.57260227E+01
   0.37334908E+02  0.57643256E+01
   0.37318638E+02  0.58025360E+01
   0.37302223E+02  0.58406553E+01
   0.37285656E+02  0.58786840E+01
   0.37268951E+02  0.59166241E+01
   0.37252102E+02  0.59544744E+01
   0.37235115E+02  0.59922366E+01
   0.37217995E+02  0.60299129E+01
   0.37200748E+02  0.60675030E+01
   0.37183369E+02  0.61050067E+01
   0.37165867E+02  0.61424265E+01
   0.37148235E+02  0.61797633E+01
   0.37130489E+02  0.62170181E+01
   0.37112617E+02  0.62541914E+01
   0.37094635E+02  0.62912860E+01
   0.37076530E+02  0.63283019E+01
   0.37058308E+02  0.63652425E+01
   0.37039974E+02  0.64021096E+01
   0.37021523E+02  0.64389057E+01
   0.37002960E+02  0.64756346E+01
   0.36984280E+02  0.65122991E+01
   0.36965481E+02  0.65489035E+01
   0.36946564E+02  0.65854540E+01
   0.36927528E+02  0.66219549E+01
   0.36908371E+02  0.66584139E+01
   0.36889088E+02  0.66948385E+01
   0.36869675E+02  0.67312365E+01
   0.36850128E+02  0.67676187E+01
   0.36830437E+02  0.68039937E+01
   0.36810604E+02  0.68403726E+01
   0.36790611E+02  0.68767681E+01
   0.36770466E+02  0.69131908E+01
   0.36750149E+02  0.69496527E+01
   0.36729664E+02  0.69861627E+01
   0.36708996E+02  0.70227318E+01
   0.36688137E+02  0.70593662E+01
   0.36667099E+02  0.70960693E+01
   0.36645863E+02  0.71328435E+01
   0.36624435E+02  0.71696877E+01
   0.36602814E+02  0.72065964E+01
   0.36581009E+02  0.72435598E+01
   0.36559017E+02  0.72805710E+01
   0.36536846E+02  0.73176150E+01
   0.36514503E+02  0.73546801E+01
   0.36491997E+02  0.73917499E+01
   0.36469326E+02  0.74288130E+01
   0.36446503E+02  0.74658542E+01
   0.36423538E+02  0.75028601E+01
   0.36400429E+02  0.75398202E+01
   0.36377186E+02  0.75767245E+01
   0.36353809E+02  0.76135631E+01
   0.36330307E+02  0.76503258E+01
   0.36306683E+02  0.76870079E+01
   0.36282936E+02  0.77236032E+01
   0.36259068E+02  0.77601056E+01
   0.36235077E+02  0.77965102E+01
   0.36210976E+02  0.78328137E+01
   0.36186752E+02  0.78690128E+01
   0.36162407E+02  0.79051027E+01
   0.36137947E+02  0.79410834E+01
   0.36113369E+02  0.79769502E+01
   0.36088669E+02  0.80127010E+01
   0.36063850E+02  0.80483351E+01
   0.36038906E+02  0.80838470E+01
   0.36013840E+02  0.81192379E+01
   0.35988644E+02  0.81545048E+01
   0.35963326E+02  0.81896429E+01
   0.35937874E+02  0.82246523E+01
   0.35912289E+02  0.82595291E+01
   0.35886570E+02  0.82942705E+01
   0.35860710E+02  0.83288755E+01
   0.35834717E+02  0.83633404E+01
   0.35808575E+02  0.83976593E+01
   0.35782284E+02  0.84318304E+01
   0.35755844E+02  0.84658499E+01
   0.35729252E+02  0.84997139E+01
   0.35702496E+02  0.85334177E+01
   0.35675583E+02  0.85669556E+01
   0.35648495E+02  0.86003227E+01
   0.35621235E+02  0.86335125E+01
   0.35593800E+02  0.86665192E+01
   0.35566177E+02  0.86993351E+01
   0.35538364E+02  0.87319508E+01
   0.35510357E+02  0.87643604E+01
   0.35482143E+02  0.87965517E+01
   0.35453716E+02  0.88285170E+01
   0.35425072E+02  0.88602419E+01
   0.35396194E+02  0.88917150E+01
   0.35367077E+02  0.89229193E+01
   0.35337711E+02  0.89538422E+01
   0.35308079E+02  0.89844618E+01
   0.35278172E+02  0.90147591E+01
   0.35247971E+02  0.90447102E+01
   0.35217468E+02  0.90742884E+01
   0.35186642E+02  0.91034613E+01
   0.35155468E+02  0.91321936E+01
   0.35123924E+02  0.91604443E+01
   0.35091991E+02  0.91881628E+01
   0.35059639E+02  0.92152920E+01
   0.35026833E+02  0.92417603E+01
   0.34993542E+02  0.92674847E+01
   0.34959717E+02  0.92923603E+01
   0.34925316E+02  0.93162556E+01
   0.34890289E+02  0.93390074E+01
   0.34854572E+02  0.93604021E+01
   0.34818111E+02  0.93801603E+01
   0.34780823E+02  0.93979063E+01
   0.34742653E+02  0.94131174E+01
   0.34703583E+02  0.94250603E+01
   0.34663677E+02  0.94326782E+01
   0.34623234E+02  0.94344559E+01
   0.34583069E+02  0.94283667E+01
   0.34544960E+02  0.94122686E+01
   0.34511719E+02  0.93854227E+01
   0.34485718E+02  0.93500319E+01
   0.34467129E+02  0.93097963E+01
   0.34454620E+02  0.92673998E+01
   0.34446697E+02  0.92241907E+01
   0.34442249E+02  0.91807699E+01
   0.34440475E+02  0.91374006E+01
   0.34440830E+02  0.90942001E+01
   0.34442909E+02  0.90512190E+01
   0.34446423E+02  0.90084734E+01
   0.34451157E+02  0.89659662E+01
   0.34456936E+02  0.89236908E+01
   0.34463631E+02  0.88816404E+01
   0.34471127E+02  0.88398046E+01
   0.34479343E+02  0.87981749E+01
   0.34488205E+02  0.87567406E+01
   0.34497654E+02  0.87154932E+01
   0.34507629E+02  0.86744232E+01
   0.34518093E+02  0.86335220E+01
   0.34529011E+02  0.85927839E+01
   0.34540344E+02  0.85522013E+01
   0.34552063E+02  0.85117683E+01
   0.34564148E+02  0.84714804E+01
   0.34576572E+02  0.84313288E+01
   0.34589314E+02  0.83913126E+01
   0.34602360E+02  0.83514252E+01
   0.34615688E+02  0.83116636E+01
   0.34629288E+02  0.82720251E+01
   0.34643143E+02  0.82325039E+01
   0.34657242E+02  0.81930981E+01
   0.34671577E+02  0.81538038E+01
   0.34686134E+02  0.81146212E+01
   0.34700909E+02  0.80755453E+01
   0.34715885E+02  0.80365734E+01
   0.34731056E+02  0.79977064E+01
   0.34746418E+02  0.79589400E+01
   0.34761967E+02  0.79202733E+01
   0.34777683E+02  0.78817043E+01
   0.34793575E+02  0.78432317E+01
   0.34809635E+02  0.78048544E+01
   0.34825851E+02  0.77665701E+01
   0.34842224E+02  0.77283783E+01
   0.34858746E+02  0.76902790E+01
   0.34875416E+02  0.76522689E+01
   0.34892227E+02  0.76143484E+01
   0.34909176E+02  0.75765162E+01
   0.34926258E+02  0.75387716E+01
   0.34943474E+02  0.75011125E+01
   0.34960815E+02  0.74635406E+01
   0.34978283E+02  0.74260530E+01
   0.34995872E+02  0.73886490E+01
   0.35013588E+02  0.73513279E+01
   0.35031418E+02  0.73140874E+01
   0.35049362E+02  0.72769294E+01
   0.35067425E+02  0.72398491E+01
   0.35085598E+02  0.72028465E+01
   0.35103882E+02  0.71659203E+01
   0.35122280E+02  0.71290679E+01
   0.35140785E+02  0.70922866E+01
   0.35159401E+02  0.70555749E+01
   0.35178123E+02  0.70189276E+01
   0.35196960E+02  0.69823432E+01
   0.35215908E+02  0.69458160E+01
   0.35234966E+02  0.69093409E+01
   0.35254139E+02  0.68729124E+01
   0.35273434E+02  0.68365235E+01
   0.35292847E+02  0.68001671E+01
   0.35312386E+02  0.67638345E+01
   0.35332050E+02  0.67275157E+01
   0.35351852E+02  0.66912012E+01
   0.35371796E+02  0.66548796E+01
   0.35391888E+02  0.66185384E+01
   0.35412132E+02  0.65821676E+01
   0.35432541E+02  0.65457554E+01
   0.35453117E+02  0.65092907E+01
   0.35473866E+02  0.64727650E+01
   0.35494793E+02  0.64361715E+01
   0.35515911E+02  0.63995051E+01
   0.35537209E+02  0.63627644E+01
   0.35558697E+02  0.63259521E+01
   0.35580372E+02  0.62890720E+01
   0.35602226E+02  0.62521324E+01
   0.35624264E+02  0.62151446E+01
   0.35646473E+02  0.61781192E+01
   0.35668850E+02  0.61410704E+01
   0.35691383E+02  0.61040125E+01
   0.35714069E+02  0.60669594E+01
   0.35736904E+02  0.60299249E+01
   0.35759880E+02  0.59929199E+01
   0.35782986E+02  0.59559588E+01
   0.35806225E+02  0.59190507E+01
   0.35829586E+02  0.58822050E+01
   0.35853069E+02  0.58454289E+01
   0.35876671E+02  0.58087306E+01
   0.35900387E+02  0.57721162E+01
   0.35924221E+02  0.57355905E+01
   0.35948166E+02  0.56991577E+01
   0.35972221E+02  0.56628232E+01
   0.35996395E+02  0.56265879E+01
   0.36020672E+02  0.55904579E+01
   0.36045067E+02  0.55544333E+01
   0.36069576E+02  0.55185180E+01
   0.36094196E+02  0.54827142E+01
   0.36118927E+02  0.54470243E+01
   0.36143784E+02  0.54114504E+01
   0.36168755E+02  0.53759937E+01
   0.36193844E+02  0.53406577E+01
   0.36219059E+02  0.53054442E+01
   0.36244396E+02  0.52703547E+01
   0.36269863E+02  0.52353945E+01
   0.36295456E+02  0.52005634E+01
   0.36321186E+02  0.51658664E+01
   0.36347050E+02  0.51313033E+01
   0.36373055E+02  0.50968809E+01
   0.36399197E+02  0.50626011E+01
   0.36425491E+02  0.50284672E+01
   0.36451931E+02  0.49944859E+01
   0.36478531E+02  0.49606590E+01
   0.36505280E+02  0.49269938E+01
   0.36532200E+02  0.48934951E+01
   0.36559288E+02  0.48601689E+01
   0.36586544E+02  0.48270202E+01
   0.36613987E+02  0.47940588E+01
   0.36641613E+02  0.47612920E+01
   0.36669437E+02  0.47287259E+01
   0.36697456E+02  0.46963735E+01
   0.36725689E+02  0.46642432E+01
   0.36754143E+02  0.46323490E+01
   0.36782818E+02  0.46007032E+01
   0.36811733E+02  0.45693202E+01
   0.36840900E+02  0.45382166E+01
   0.36870327E+02  0.45074120E+01
   0.36900028E+02  0.44769263E+01
   0.36930027E+02  0.44467835E+01
   0.36960327E+02  0.44170136E+01
   0.36990963E+02  0.43876462E+01
   0.37021938E+02  0.43587203E+01
   0.37053288E+02  0.43302784E+01
   0.37085037E+02  0.43023720E+01
   0.37117210E+02  0.42750611E+01
   0.37149853E+02  0.42484183E+01
   0.37182991E+02  0.42225351E+01
   0.37216675E+02  0.41975207E+01
   0.37250957E+02  0.41735148E+01
   0.37285892E+02  0.41506929E+01
   0.37321545E+02  0.41292839E+01
   0.37357990E+02  0.41095943E+01
   0.37395294E+02  0.40920386E+01
   0.37433521E+02  0.40771966E+01
   0.37472687E+02  0.40658956E+01
   0.37512699E+02  0.40593343E+01
   0.37553158E+02  0.40592251E+01
   0.37593010E+02  0.40677810E+01
   0.37617012E+02  0.40786595E+01
