 304   1
   0.34518990E+02  0.12556055E+02
   0.34524506E+02  0.12577769E+02
   0.34519718E+02  0.12599287E+02
   0.34512806E+02  0.12618412E+02
   0.34504955E+02  0.12636486E+02
   0.34496521E+02  0.12653934E+02
   0.34487694E+02  0.12670951E+02
   0.34478569E+02  0.12687651E+02
   0.34469204E+02  0.12704101E+02
   0.34459637E+02  0.12720346E+02
   0.34449917E+02  0.12736419E+02
   0.34440056E+02  0.12752347E+02
   0.34430065E+02  0.12768146E+02
   0.34419968E+02  0.12783833E+02
   0.34409775E+02  0.12799419E+02
   0.34399498E+02  0.12814911E+02
   0.34389145E+02  0.12830322E+02
   0.34378716E+02  0.12845656E+02
   0.34368217E+02  0.12860919E+02
   0.34357658E+02  0.12876115E+02
   0.34347046E+02  0.12891249E+02
   0.34336380E+02  0.12906323E+02
   0.34325661E+02  0.12921343E+02
   0.34314899E+02  0.12936311E+02
   0.34304092E+02  0.12951228E+02
   0.34293247E+02  0.12966098E+02
   0.34282360E+02  0.12980922E+02
   0.34271439E+02  0.12995702E+02
   0.34260483E+02  0.13010439E+02
   0.34249493E+02  0.13025133E+02
   0.34238472E+02  0.13039789E+02
   0.34227425E+02  0.13054405E+02
   0.34216343E+02  0.13068983E+02
   0.34205238E+02  0.13083523E+02
   0.34194103E+02  0.13098027E+02
   0.34182949E+02  0.13112496E+02
   0.34171768E+02  0.13126928E+02
   0.34160568E+02  0.13141326E+02
   0.34149349E+02  0.13155691E+02
   0.34138103E+02  0.13170020E+02
   0.34126842E+02  0.13184316E+02
   0.34115570E+02  0.13198578E+02
   0.34104271E+02  0.13212808E+02
   0.34092957E+02  0.13227003E+02
   0.34081635E+02  0.13241163E+02
   0.34070293E+02  0.13255293E+02
   0.34058937E+02  0.13269386E+02
   0.34047569E+02  0.13283448E+02
   0.34036194E+02  0.13297476E+02
   0.34024807E+02  0.13311469E+02
   0.34013409E+02  0.13325427E+02
   0.34002007E+02  0.13339350E+02
   0.33990589E+02  0.13353235E+02
   0.33979176E+02  0.13367085E+02
   0.33967754E+02  0.13380900E+02
   0.33956326E+02  0.13394675E+02
   0.33944897E+02  0.13408413E+02
   0.33933468E+02  0.13422111E+02
   0.33922039E+02  0.13435770E+02
   0.33910614E+02  0.13449387E+02
   0.33899185E+02  0.13462960E+02
   0.33887768E+02  0.13476492E+02
   0.33876350E+02  0.13489981E+02
   0.33864933E+02  0.13503424E+02
   0.33853531E+02  0.13516824E+02
   0.33842136E+02  0.13530179E+02
   0.33830746E+02  0.13543492E+02
   0.33819355E+02  0.13556765E+02
   0.33807964E+02  0.13570003E+02
   0.33796570E+02  0.13583210E+02
   0.33785164E+02  0.13596400E+02
   0.33773727E+02  0.13609588E+02
   0.33762241E+02  0.13622795E+02
   0.33750683E+02  0.13636054E+02
   0.33739014E+02  0.13649403E+02
   0.33727196E+02  0.13662886E+02
   0.33715183E+02  0.13676556E+02
   0.33702938E+02  0.13690451E+02
   0.33690437E+02  0.13704597E+02
   0.33677685E+02  0.13718986E+02
   0.33664711E+02  0.13733584E+02
   0.33651566E+02  0.13748336E+02
   0.33638290E+02  0.13763181E+02
   0.33624950E+02  0.13778064E+02
   0.33611561E+02  0.13792946E+02
   0.33598164E+02  0.13807797E+02
   0.33584770E+02  0.13822602E+02
   0.33571384E+02  0.13837351E+02
   0.33558010E+02  0.13852036E+02
   0.33544659E+02  0.13866659E+02
   0.33531319E+02  0.13881218E+02
   0.33518002E+02  0.13895718E+02
   0.33504696E+02  0.13910155E+02
   0.33491402E+02  0.13924537E+02
   0.33478115E+02  0.13938862E+02
   0.33464836E+02  0.13953133E+02
   0.33451565E+02  0.13967353E+02
   0.33438297E+02  0.13981524E+02
   0.33425034E+02  0.13995646E+02
   0.33411770E+02  0.14009723E+02
   0.33398499E+02  0.14023754E+02
   0.33385227E+02  0.14037740E+02
   0.33371952E+02  0.14051682E+02
   0.33358673E+02  0.14065585E+02
   0.33345387E+02  0.14079446E+02
   0.33332088E+02  0.14093265E+02
   0.33318790E+02  0.14107043E+02
   0.33305470E+02  0.14120783E+02
   0.33292149E+02  0.14134480E+02
   0.33278812E+02  0.14148140E+02
   0.33265457E+02  0.14161760E+02
   0.33252094E+02  0.14175339E+02
   0.33238712E+02  0.14188880E+02
   0.33225319E+02  0.14202379E+02
   0.33211899E+02  0.14215839E+02
   0.33198471E+02  0.14229258E+02
   0.33185020E+02  0.14242634E+02
   0.33171547E+02  0.14255970E+02
   0.33158058E+02  0.14269261E+02
   0.33144539E+02  0.14282511E+02
   0.33131008E+02  0.14295713E+02
   0.33117439E+02  0.14308870E+02
   0.33103855E+02  0.14321979E+02
   0.33090240E+02  0.14335040E+02
   0.33076599E+02  0.14348048E+02
   0.33062927E+02  0.14361007E+02
   0.33049229E+02  0.14373909E+02
   0.33035492E+02  0.14386756E+02
   0.33021721E+02  0.14399539E+02
   0.33007912E+02  0.14412261E+02
   0.32994072E+02  0.14424914E+02
   0.32980190E+02  0.14437499E+02
   0.32966263E+02  0.14450009E+02
   0.32952293E+02  0.14462437E+02
   0.32938271E+02  0.14474779E+02
   0.32924202E+02  0.14487024E+02
   0.32910072E+02  0.14499171E+02
   0.32895889E+02  0.14511205E+02
   0.32881638E+02  0.14523116E+02
   0.32867321E+02  0.14534887E+02
   0.32852924E+02  0.14546504E+02
   0.32838448E+02  0.14557941E+02
   0.32823879E+02  0.14569177E+02
   0.32809208E+02  0.14580171E+02
   0.32794426E+02  0.14590873E+02
   0.32779514E+02  0.14601217E+02
   0.32764454E+02  0.14611110E+02
   0.32749241E+02  0.14620397E+02
   0.32733841E+02  0.14628836E+02
   0.32718266E+02  0.14635972E+02
   0.32702599E+02  0.14640839E+02
   0.32687454E+02  0.14640802E+02
   0.32677094E+02  0.14626948E+02
   0.32679695E+02  0.14603208E+02
   0.32686207E+02  0.14583450E+02
   0.32693935E+02  0.14565103E+02
   0.32702343E+02  0.14547520E+02
   0.32711208E+02  0.14530434E+02
   0.32720398E+02  0.14513710E+02
   0.32729847E+02  0.14497263E+02
   0.32739498E+02  0.14481037E+02
   0.32749329E+02  0.14464996E+02
   0.32759300E+02  0.14449111E+02
   0.32769398E+02  0.14433362E+02
   0.32779610E+02  0.14417730E+02
   0.32789909E+02  0.14402207E+02
   0.32800304E+02  0.14386775E+02
   0.32810780E+02  0.14371431E+02
   0.32821323E+02  0.14356165E+02
   0.32831936E+02  0.14340968E+02
   0.32842606E+02  0.14325845E+02
   0.32853333E+02  0.14310781E+02
   0.32864113E+02  0.14295775E+02
   0.32874939E+02  0.14280825E+02
   0.32885811E+02  0.14265928E+02
   0.32896729E+02  0.14251083E+02
   0.32907677E+02  0.14236281E+02
   0.32918667E+02  0.14221528E+02
   0.32929691E+02  0.14206818E+02
   0.32940754E+02  0.14192148E+02
   0.32951843E+02  0.14177520E+02
   0.32962959E+02  0.14162930E+02
   0.32974110E+02  0.14148380E+02
   0.32985283E+02  0.14133864E+02
   0.32996483E+02  0.14119388E+02
   0.33007702E+02  0.14104946E+02
   0.33018951E+02  0.14090538E+02
   0.33030216E+02  0.14076164E+02
   0.33041500E+02  0.14061824E+02
   0.33052803E+02  0.14047516E+02
   0.33064125E+02  0.14033242E+02
   0.33075470E+02  0.14019000E+02
   0.33086826E+02  0.14004789E+02
   0.33098194E+02  0.13990611E+02
   0.33109585E+02  0.13976463E+02
   0.33120979E+02  0.13962349E+02
   0.33132393E+02  0.13948266E+02
   0.33143818E+02  0.13934215E+02
   0.33155247E+02  0.13920195E+02
   0.33166687E+02  0.13906209E+02
   0.33178135E+02  0.13892252E+02
   0.33189590E+02  0.13878332E+02
   0.33201057E+02  0.13864442E+02
   0.33212524E+02  0.13850589E+02
   0.33223999E+02  0.13836768E+02
   0.33235477E+02  0.13822982E+02
   0.33246956E+02  0.13809231E+02
   0.33258434E+02  0.13795517E+02
   0.33269909E+02  0.13781841E+02
   0.33281387E+02  0.13768202E+02
   0.33292858E+02  0.13754603E+02
   0.33304329E+02  0.13741042E+02
   0.33315796E+02  0.13727524E+02
   0.33327255E+02  0.13714046E+02
   0.33338703E+02  0.13700611E+02
   0.33350143E+02  0.13687218E+02
   0.33361580E+02  0.13673868E+02
   0.33373001E+02  0.13660560E+02
   0.33384418E+02  0.13647291E+02
   0.33395832E+02  0.13634059E+02
   0.33407246E+02  0.13620859E+02
   0.33418671E+02  0.13607680E+02
   0.33430111E+02  0.13594511E+02
   0.33441586E+02  0.13581332E+02
   0.33453117E+02  0.13568117E+02
   0.33464741E+02  0.13554832E+02
   0.33476486E+02  0.13541433E+02
   0.33488407E+02  0.13527873E+02
   0.33500542E+02  0.13514104E+02
   0.33512913E+02  0.13500090E+02
   0.33525543E+02  0.13485825E+02
   0.33538418E+02  0.13471326E+02
   0.33551483E+02  0.13456644E+02
   0.33564697E+02  0.13441835E+02
   0.33578007E+02  0.13426959E+02
   0.33591366E+02  0.13412064E+02
   0.33604748E+02  0.13397183E+02
   0.33618134E+02  0.13382341E+02
   0.33631508E+02  0.13367549E+02
   0.33644871E+02  0.13352815E+02
   0.33658207E+02  0.13338141E+02
   0.33671528E+02  0.13323526E+02
   0.33684834E+02  0.13308973E+02
   0.33698116E+02  0.13294480E+02
   0.33711388E+02  0.13280043E+02
   0.33724640E+02  0.13265660E+02
   0.33737888E+02  0.13251328E+02
   0.33751129E+02  0.13237048E+02
   0.33764359E+02  0.13222816E+02
   0.33777584E+02  0.13208630E+02
   0.33790802E+02  0.13194489E+02
   0.33804028E+02  0.13180393E+02
   0.33817245E+02  0.13166340E+02
   0.33830467E+02  0.13152326E+02
   0.33843689E+02  0.13138352E+02
   0.33856918E+02  0.13124419E+02
   0.33870152E+02  0.13110525E+02
   0.33883392E+02  0.13096672E+02
   0.33896641E+02  0.13082855E+02
   0.33909897E+02  0.13069075E+02
   0.33923164E+02  0.13055332E+02
   0.33936436E+02  0.13041627E+02
   0.33949730E+02  0.13027960E+02
   0.33963032E+02  0.13014330E+02
   0.33976349E+02  0.13000738E+02
   0.33989674E+02  0.12987185E+02
   0.34003021E+02  0.12973669E+02
   0.34016380E+02  0.12960192E+02
   0.34029758E+02  0.12946755E+02
   0.34043159E+02  0.12933359E+02
   0.34056580E+02  0.12920004E+02
   0.34070019E+02  0.12906691E+02
   0.34083477E+02  0.12893422E+02
   0.34096962E+02  0.12880197E+02
   0.34110470E+02  0.12867020E+02
   0.34124008E+02  0.12853888E+02
   0.34137569E+02  0.12840808E+02
   0.34151157E+02  0.12827776E+02
   0.34164776E+02  0.12814802E+02
   0.34178432E+02  0.12801884E+02
   0.34192112E+02  0.12789024E+02
   0.34205837E+02  0.12776227E+02
   0.34219601E+02  0.12763499E+02
   0.34233395E+02  0.12750839E+02
   0.34247238E+02  0.12738257E+02
   0.34261127E+02  0.12725760E+02
   0.34275066E+02  0.12713347E+02
   0.34289059E+02  0.12701032E+02
   0.34303101E+02  0.12688826E+02
   0.34317207E+02  0.12676734E+02
   0.34331387E+02  0.12664772E+02
   0.34345634E+02  0.12652957E+02
   0.34359966E+02  0.12641309E+02
   0.34374386E+02  0.12629855E+02
   0.34388901E+02  0.12618626E+02
   0.34403530E+02  0.12607668E+02
   0.34418282E+02  0.12597041E+02
   0.34433178E+02  0.12586835E+02
   0.34448231E+02  0.12577174E+02
   0.34463478E+02  0.12568276E+02
   0.34478905E+02  0.12560517E+02
   0.34494495E+02  0.12554662E+02
   0.34509895E+02  0.12552653E+02
   0.34518990E+02  0.12556055E+02
