 306   1
   0.48345169E+02 -0.14543289E+02
   0.48360836E+02 -0.14515922E+02
   0.48363266E+02 -0.14481715E+02
   0.48358414E+02 -0.14448865E+02
   0.48350090E+02 -0.14417638E+02
   0.48339752E+02 -0.14387593E+02
   0.48328068E+02 -0.14358427E+02
   0.48315418E+02 -0.14329938E+02
   0.48302017E+02 -0.14301993E+02
   0.48288021E+02 -0.14274499E+02
   0.48273540E+02 -0.14247384E+02
   0.48258640E+02 -0.14220599E+02
   0.48243389E+02 -0.14194101E+02
   0.48227837E+02 -0.14167857E+02
   0.48212009E+02 -0.14141843E+02
   0.48195934E+02 -0.14116035E+02
   0.48179649E+02 -0.14090416E+02
   0.48163162E+02 -0.14064969E+02
   0.48146496E+02 -0.14039683E+02
   0.48129662E+02 -0.14014547E+02
   0.48112686E+02 -0.13989551E+02
   0.48095566E+02 -0.13964684E+02
   0.48078312E+02 -0.13939942E+02
   0.48060936E+02 -0.13915317E+02
   0.48043449E+02 -0.13890802E+02
   0.48025856E+02 -0.13866393E+02
   0.48008163E+02 -0.13842085E+02
   0.47990372E+02 -0.13817876E+02
   0.47972492E+02 -0.13793756E+02
   0.47954533E+02 -0.13769729E+02
   0.47936489E+02 -0.13745789E+02
   0.47918365E+02 -0.13721931E+02
   0.47900169E+02 -0.13698154E+02
   0.47881905E+02 -0.13674458E+02
   0.47863579E+02 -0.13650838E+02
   0.47845192E+02 -0.13627294E+02
   0.47826740E+02 -0.13603823E+02
   0.47808235E+02 -0.13580424E+02
   0.47789665E+02 -0.13557096E+02
   0.47771049E+02 -0.13533835E+02
   0.47752377E+02 -0.13510644E+02
   0.47733665E+02 -0.13487520E+02
   0.47714905E+02 -0.13464462E+02
   0.47696098E+02 -0.13441471E+02
   0.47677254E+02 -0.13418545E+02
   0.47658367E+02 -0.13395682E+02
   0.47639431E+02 -0.13372884E+02
   0.47620472E+02 -0.13350149E+02
   0.47601471E+02 -0.13327477E+02
   0.47582439E+02 -0.13304867E+02
   0.47563374E+02 -0.13282322E+02
   0.47544277E+02 -0.13259839E+02
   0.47525158E+02 -0.13237417E+02
   0.47506004E+02 -0.13215058E+02
   0.47486824E+02 -0.13192762E+02
   0.47467621E+02 -0.13170527E+02
   0.47448395E+02 -0.13148355E+02
   0.47429142E+02 -0.13126244E+02
   0.47409870E+02 -0.13104196E+02
   0.47390579E+02 -0.13082209E+02
   0.47371262E+02 -0.13060281E+02
   0.47351925E+02 -0.13038413E+02
   0.47332577E+02 -0.13016603E+02
   0.47313190E+02 -0.12994849E+02
   0.47293793E+02 -0.12973146E+02
   0.47274361E+02 -0.12951495E+02
   0.47254902E+02 -0.12929887E+02
   0.47235405E+02 -0.12908316E+02
   0.47215866E+02 -0.12886776E+02
   0.47196278E+02 -0.12865252E+02
   0.47176620E+02 -0.12843734E+02
   0.47156883E+02 -0.12822206E+02
   0.47137047E+02 -0.12800644E+02
   0.47117092E+02 -0.12779033E+02
   0.47096996E+02 -0.12757342E+02
   0.47076740E+02 -0.12735551E+02
   0.47056290E+02 -0.12713636E+02
   0.47035637E+02 -0.12691579E+02
   0.47014763E+02 -0.12669369E+02
   0.46993668E+02 -0.12647005E+02
   0.46972355E+02 -0.12624496E+02
   0.46950844E+02 -0.12601856E+02
   0.46929150E+02 -0.12579117E+02
   0.46907303E+02 -0.12556300E+02
   0.46885338E+02 -0.12533441E+02
   0.46863266E+02 -0.12510562E+02
   0.46841114E+02 -0.12487686E+02
   0.46818893E+02 -0.12464837E+02
   0.46796631E+02 -0.12442026E+02
   0.46774323E+02 -0.12419269E+02
   0.46751995E+02 -0.12396569E+02
   0.46729641E+02 -0.12373937E+02
   0.46707272E+02 -0.12351377E+02
   0.46684872E+02 -0.12328886E+02
   0.46662468E+02 -0.12306471E+02
   0.46640041E+02 -0.12284134E+02
   0.46617599E+02 -0.12261871E+02
   0.46595139E+02 -0.12239685E+02
   0.46572662E+02 -0.12217579E+02
   0.46550163E+02 -0.12195547E+02
   0.46527649E+02 -0.12173594E+02
   0.46505108E+02 -0.12151713E+02
   0.46482552E+02 -0.12129911E+02
   0.46459969E+02 -0.12108187E+02
   0.46437359E+02 -0.12086536E+02
   0.46414719E+02 -0.12064962E+02
   0.46392056E+02 -0.12043467E+02
   0.46369362E+02 -0.12022046E+02
   0.46346634E+02 -0.12000702E+02
   0.46323875E+02 -0.11979438E+02
   0.46301079E+02 -0.11958250E+02
   0.46278244E+02 -0.11937141E+02
   0.46255375E+02 -0.11916114E+02
   0.46232464E+02 -0.11895168E+02
   0.46209511E+02 -0.11874306E+02
   0.46186516E+02 -0.11853529E+02
   0.46163475E+02 -0.11832837E+02
   0.46140388E+02 -0.11812233E+02
   0.46117252E+02 -0.11791722E+02
   0.46094059E+02 -0.11771302E+02
   0.46070820E+02 -0.11750978E+02
   0.46047520E+02 -0.11730754E+02
   0.46024162E+02 -0.11710633E+02
   0.46000740E+02 -0.11690616E+02
   0.45977261E+02 -0.11670710E+02
   0.45953712E+02 -0.11650918E+02
   0.45930096E+02 -0.11631249E+02
   0.45906406E+02 -0.11611705E+02
   0.45882637E+02 -0.11592293E+02
   0.45858791E+02 -0.11573021E+02
   0.45834858E+02 -0.11553897E+02
   0.45810837E+02 -0.11534927E+02
   0.45786720E+02 -0.11516128E+02
   0.45762505E+02 -0.11497505E+02
   0.45738186E+02 -0.11479078E+02
   0.45713753E+02 -0.11460856E+02
   0.45689198E+02 -0.11442865E+02
   0.45664513E+02 -0.11425118E+02
   0.45639694E+02 -0.11407645E+02
   0.45614719E+02 -0.11390477E+02
   0.45589596E+02 -0.11373649E+02
   0.45564285E+02 -0.11357205E+02
   0.45538784E+02 -0.11341202E+02
   0.45513077E+02 -0.11325710E+02
   0.45487141E+02 -0.11310823E+02
   0.45460941E+02 -0.11296660E+02
   0.45434467E+02 -0.11283395E+02
   0.45407673E+02 -0.11271269E+02
   0.45380558E+02 -0.11260648E+02
   0.45353111E+02 -0.11252118E+02
   0.45325424E+02 -0.11246696E+02
   0.45297897E+02 -0.11246319E+02
   0.45272060E+02 -0.11254915E+02
   0.45253075E+02 -0.11278415E+02
   0.45247379E+02 -0.11312243E+02
   0.45250477E+02 -0.11345590E+02
   0.45257652E+02 -0.11377279E+02
   0.45267094E+02 -0.11407728E+02
   0.45278011E+02 -0.11437266E+02
   0.45289986E+02 -0.11466101E+02
   0.45302753E+02 -0.11494377E+02
   0.45316170E+02 -0.11522194E+02
   0.45330097E+02 -0.11549619E+02
   0.45344475E+02 -0.11576712E+02
   0.45359222E+02 -0.11603513E+02
   0.45374290E+02 -0.11630052E+02
   0.45389656E+02 -0.11656360E+02
   0.45405270E+02 -0.11682455E+02
   0.45421120E+02 -0.11708361E+02
   0.45437180E+02 -0.11734089E+02
   0.45453426E+02 -0.11759652E+02
   0.45469849E+02 -0.11785065E+02
   0.45486443E+02 -0.11810333E+02
   0.45503170E+02 -0.11835466E+02
   0.45520046E+02 -0.11860474E+02
   0.45537056E+02 -0.11885362E+02
   0.45554188E+02 -0.11910131E+02
   0.45571430E+02 -0.11934794E+02
   0.45588779E+02 -0.11959352E+02
   0.45606239E+02 -0.11983810E+02
   0.45623787E+02 -0.12008172E+02
   0.45641434E+02 -0.12032438E+02
   0.45659164E+02 -0.12056613E+02
   0.45676987E+02 -0.12080703E+02
   0.45694881E+02 -0.12104708E+02
   0.45712856E+02 -0.12128628E+02
   0.45730904E+02 -0.12152468E+02
   0.45749016E+02 -0.12176227E+02
   0.45767200E+02 -0.12199911E+02
   0.45785442E+02 -0.12223520E+02
   0.45803761E+02 -0.12247051E+02
   0.45822124E+02 -0.12270511E+02
   0.45840553E+02 -0.12293899E+02
   0.45859032E+02 -0.12317213E+02
   0.45877567E+02 -0.12340459E+02
   0.45896149E+02 -0.12363633E+02
   0.45914787E+02 -0.12386740E+02
   0.45933468E+02 -0.12409776E+02
   0.45952190E+02 -0.12432746E+02
   0.45970959E+02 -0.12455648E+02
   0.45989765E+02 -0.12478481E+02
   0.46008617E+02 -0.12501249E+02
   0.46027508E+02 -0.12523949E+02
   0.46046432E+02 -0.12546581E+02
   0.46065388E+02 -0.12569147E+02
   0.46084377E+02 -0.12591646E+02
   0.46103409E+02 -0.12614078E+02
   0.46122467E+02 -0.12636445E+02
   0.46141548E+02 -0.12658745E+02
   0.46160664E+02 -0.12680978E+02
   0.46179806E+02 -0.12703145E+02
   0.46198975E+02 -0.12725246E+02
   0.46218170E+02 -0.12747283E+02
   0.46237389E+02 -0.12769255E+02
   0.46256641E+02 -0.12791166E+02
   0.46275917E+02 -0.12813014E+02
   0.46295227E+02 -0.12834806E+02
   0.46314560E+02 -0.12856545E+02
   0.46333935E+02 -0.12878233E+02
   0.46353352E+02 -0.12899879E+02
   0.46372810E+02 -0.12921489E+02
   0.46392330E+02 -0.12943076E+02
   0.46411919E+02 -0.12964652E+02
   0.46431587E+02 -0.12986233E+02
   0.46451355E+02 -0.13007835E+02
   0.46471245E+02 -0.13029486E+02
   0.46491280E+02 -0.13051204E+02
   0.46511486E+02 -0.13073014E+02
   0.46531879E+02 -0.13094943E+02
   0.46552479E+02 -0.13117007E+02
   0.46573311E+02 -0.13139217E+02
   0.46594368E+02 -0.13161577E+02
   0.46615635E+02 -0.13184079E+02
   0.46637123E+02 -0.13206705E+02
   0.46658794E+02 -0.13229432E+02
   0.46680626E+02 -0.13252233E+02
   0.46702595E+02 -0.13275074E+02
   0.46724674E+02 -0.13297934E+02
   0.46746841E+02 -0.13320784E+02
   0.46769085E+02 -0.13343605E+02
   0.46791386E+02 -0.13366384E+02
   0.46813725E+02 -0.13389106E+02
   0.46836094E+02 -0.13411764E+02
   0.46858505E+02 -0.13434350E+02
   0.46880939E+02 -0.13456861E+02
   0.46903393E+02 -0.13479292E+02
   0.46925873E+02 -0.13501644E+02
   0.46948372E+02 -0.13523913E+02
   0.46970898E+02 -0.13546101E+02
   0.46993443E+02 -0.13568205E+02
   0.47016014E+02 -0.13590227E+02
   0.47038605E+02 -0.13612166E+02
   0.47061218E+02 -0.13634025E+02
   0.47083862E+02 -0.13655800E+02
   0.47106533E+02 -0.13677492E+02
   0.47129238E+02 -0.13699103E+02
   0.47151962E+02 -0.13720632E+02
   0.47174728E+02 -0.13742079E+02
   0.47197521E+02 -0.13763444E+02
   0.47220360E+02 -0.13784726E+02
   0.47243225E+02 -0.13805924E+02
   0.47266129E+02 -0.13827041E+02
   0.47289070E+02 -0.13848073E+02
   0.47312061E+02 -0.13869021E+02
   0.47335087E+02 -0.13889881E+02
   0.47358158E+02 -0.13910654E+02
   0.47381279E+02 -0.13931339E+02
   0.47404446E+02 -0.13951934E+02
   0.47427662E+02 -0.13972437E+02
   0.47450928E+02 -0.13992847E+02
   0.47474251E+02 -0.14013162E+02
   0.47497623E+02 -0.14033374E+02
   0.47521053E+02 -0.14053489E+02
   0.47544544E+02 -0.14073498E+02
   0.47568096E+02 -0.14093400E+02
   0.47591717E+02 -0.14113191E+02
   0.47615398E+02 -0.14132868E+02
   0.47639145E+02 -0.14152424E+02
   0.47662975E+02 -0.14171855E+02
   0.47686871E+02 -0.14191157E+02
   0.47710846E+02 -0.14210321E+02
   0.47734901E+02 -0.14229343E+02
   0.47759048E+02 -0.14248214E+02
   0.47783283E+02 -0.14266926E+02
   0.47807613E+02 -0.14285467E+02
   0.47832039E+02 -0.14303828E+02
   0.47856571E+02 -0.14321995E+02
   0.47881210E+02 -0.14339953E+02
   0.47905975E+02 -0.14357687E+02
   0.47930859E+02 -0.14375177E+02
   0.47955883E+02 -0.14392397E+02
   0.47981052E+02 -0.14409321E+02
   0.48006371E+02 -0.14425916E+02
   0.48031857E+02 -0.14442142E+02
   0.48057526E+02 -0.14457950E+02
   0.48083385E+02 -0.14473272E+02
   0.48109463E+02 -0.14488033E+02
   0.48135773E+02 -0.14502126E+02
   0.48162346E+02 -0.14515408E+02
   0.48189194E+02 -0.14527678E+02
   0.48216351E+02 -0.14538643E+02
   0.48243801E+02 -0.14547857E+02
   0.48271526E+02 -0.14554570E+02
   0.48299294E+02 -0.14557440E+02
   0.48326317E+02 -0.14553814E+02
   0.48345169E+02 -0.14543289E+02
