 310   1
   0.33402374E+02  0.13943624E+02
   0.33414612E+02  0.13957364E+02
   0.33423428E+02  0.13974025E+02
   0.33428837E+02  0.13992310E+02
   0.33431435E+02  0.14011214E+02
   0.33431881E+02  0.14030211E+02
   0.33430698E+02  0.14049076E+02
   0.33428276E+02  0.14067724E+02
   0.33424866E+02  0.14086134E+02
   0.33420662E+02  0.14104307E+02
   0.33415802E+02  0.14122253E+02
   0.33410393E+02  0.14139987E+02
   0.33404518E+02  0.14157523E+02
   0.33398228E+02  0.14174879E+02
   0.33391582E+02  0.14192063E+02
   0.33384617E+02  0.14209086E+02
   0.33377373E+02  0.14225965E+02
   0.33369869E+02  0.14242702E+02
   0.33362137E+02  0.14259309E+02
   0.33354187E+02  0.14275793E+02
   0.33346043E+02  0.14292161E+02
   0.33337719E+02  0.14308417E+02
   0.33329227E+02  0.14324568E+02
   0.33320580E+02  0.14340620E+02
   0.33311787E+02  0.14356574E+02
   0.33302856E+02  0.14372436E+02
   0.33293793E+02  0.14388210E+02
   0.33284618E+02  0.14403897E+02
   0.33275322E+02  0.14419505E+02
   0.33265911E+02  0.14435032E+02
   0.33256409E+02  0.14450482E+02
   0.33246799E+02  0.14465858E+02
   0.33237095E+02  0.14481160E+02
   0.33227303E+02  0.14496393E+02
   0.33217430E+02  0.14511557E+02
   0.33207470E+02  0.14526652E+02
   0.33197430E+02  0.14541686E+02
   0.33187313E+02  0.14556650E+02
   0.33177120E+02  0.14571555E+02
   0.33166859E+02  0.14586400E+02
   0.33156528E+02  0.14601183E+02
   0.33146130E+02  0.14615906E+02
   0.33135670E+02  0.14630572E+02
   0.33125141E+02  0.14645178E+02
   0.33114559E+02  0.14659733E+02
   0.33103912E+02  0.14674230E+02
   0.33093220E+02  0.14688672E+02
   0.33082462E+02  0.14703059E+02
   0.33071651E+02  0.14717394E+02
   0.33060787E+02  0.14731680E+02
   0.33049870E+02  0.14745911E+02
   0.33038898E+02  0.14760092E+02
   0.33027885E+02  0.14774220E+02
   0.33016819E+02  0.14788303E+02
   0.33005707E+02  0.14802339E+02
   0.32994549E+02  0.14816322E+02
   0.32983337E+02  0.14830261E+02
   0.32972084E+02  0.14844153E+02
   0.32960789E+02  0.14858002E+02
   0.32949436E+02  0.14871806E+02
   0.32938038E+02  0.14885567E+02
   0.32926605E+02  0.14899287E+02
   0.32915115E+02  0.14912971E+02
   0.32903572E+02  0.14926614E+02
   0.32891991E+02  0.14940225E+02
   0.32880352E+02  0.14953797E+02
   0.32868660E+02  0.14967341E+02
   0.32856918E+02  0.14980857E+02
   0.32845119E+02  0.14994349E+02
   0.32833260E+02  0.15007817E+02
   0.32821331E+02  0.15021264E+02
   0.32809345E+02  0.15034700E+02
   0.32797291E+02  0.15048124E+02
   0.32785160E+02  0.15061538E+02
   0.32772953E+02  0.15074947E+02
   0.32760670E+02  0.15088354E+02
   0.32748306E+02  0.15101763E+02
   0.32735863E+02  0.15115174E+02
   0.32723324E+02  0.15128586E+02
   0.32710705E+02  0.15141999E+02
   0.32698002E+02  0.15155415E+02
   0.32685223E+02  0.15168832E+02
   0.32672344E+02  0.15182241E+02
   0.32659397E+02  0.15195648E+02
   0.32646366E+02  0.15209040E+02
   0.32633266E+02  0.15222420E+02
   0.32620090E+02  0.15235780E+02
   0.32606853E+02  0.15249114E+02
   0.32593555E+02  0.15262421E+02
   0.32580189E+02  0.15275694E+02
   0.32566772E+02  0.15288934E+02
   0.32553299E+02  0.15302129E+02
   0.32539772E+02  0.15315284E+02
   0.32526199E+02  0.15328390E+02
   0.32512573E+02  0.15341454E+02
   0.32498905E+02  0.15354459E+02
   0.32485188E+02  0.15367415E+02
   0.32471432E+02  0.15380317E+02
   0.32457630E+02  0.15393161E+02
   0.32443783E+02  0.15405947E+02
   0.32429897E+02  0.15418675E+02
   0.32415966E+02  0.15431343E+02
   0.32401993E+02  0.15443948E+02
   0.32387978E+02  0.15456490E+02
   0.32373917E+02  0.15468969E+02
   0.32359814E+02  0.15481380E+02
   0.32345673E+02  0.15493729E+02
   0.32331486E+02  0.15506004E+02
   0.32317249E+02  0.15518215E+02
   0.32302971E+02  0.15530353E+02
   0.32288651E+02  0.15542419E+02
   0.32274277E+02  0.15554412E+02
   0.32259857E+02  0.15566329E+02
   0.32245392E+02  0.15578173E+02
   0.32230873E+02  0.15589933E+02
   0.32216305E+02  0.15601615E+02
   0.32201687E+02  0.15613214E+02
   0.32187012E+02  0.15624728E+02
   0.32172291E+02  0.15636155E+02
   0.32157513E+02  0.15647490E+02
   0.32142673E+02  0.15658732E+02
   0.32127773E+02  0.15669878E+02
   0.32112820E+02  0.15680923E+02
   0.32097801E+02  0.15691867E+02
   0.32082722E+02  0.15702698E+02
   0.32067577E+02  0.15713420E+02
   0.32052364E+02  0.15724024E+02
   0.32037075E+02  0.15734506E+02
   0.32021725E+02  0.15744856E+02
   0.32006298E+02  0.15755073E+02
   0.31990789E+02  0.15765144E+02
   0.31975203E+02  0.15775066E+02
   0.31959534E+02  0.15784826E+02
   0.31943773E+02  0.15794415E+02
   0.31927927E+02  0.15803822E+02
   0.31911982E+02  0.15813030E+02
   0.31895941E+02  0.15822026E+02
   0.31879799E+02  0.15830794E+02
   0.31863544E+02  0.15839314E+02
   0.31847176E+02  0.15847560E+02
   0.31830692E+02  0.15855501E+02
   0.31814081E+02  0.15863113E+02
   0.31797340E+02  0.15870353E+02
   0.31780460E+02  0.15877167E+02
   0.31763439E+02  0.15883504E+02
   0.31746273E+02  0.15889289E+02
   0.31728956E+02  0.15894426E+02
   0.31711493E+02  0.15898805E+02
   0.31693899E+02  0.15902264E+02
   0.31676197E+02  0.15904604E+02
   0.31658449E+02  0.15905544E+02
   0.31640774E+02  0.15904710E+02
   0.31623415E+02  0.15901600E+02
   0.31606802E+02  0.15895594E+02
   0.31591665E+02  0.15886072E+02
   0.31579029E+02  0.15872831E+02
   0.31569754E+02  0.15856516E+02
   0.31563948E+02  0.15838380E+02
   0.31561090E+02  0.15819510E+02
   0.31560507E+02  0.15800502E+02
   0.31561630E+02  0.15781620E+02
   0.31564058E+02  0.15762954E+02
   0.31567514E+02  0.15744536E+02
   0.31571787E+02  0.15726369E+02
   0.31576735E+02  0.15708438E+02
   0.31582251E+02  0.15690726E+02
   0.31588242E+02  0.15673221E+02
   0.31594650E+02  0.15655903E+02
   0.31601423E+02  0.15638762E+02
   0.31608517E+02  0.15621786E+02
   0.31615896E+02  0.15604961E+02
   0.31623531E+02  0.15588279E+02
   0.31631405E+02  0.15571731E+02
   0.31639492E+02  0.15555311E+02
   0.31647766E+02  0.15539006E+02
   0.31656225E+02  0.15522816E+02
   0.31664850E+02  0.15506732E+02
   0.31673628E+02  0.15490749E+02
   0.31682554E+02  0.15474863E+02
   0.31691616E+02  0.15459072E+02
   0.31700800E+02  0.15443369E+02
   0.31710102E+02  0.15427752E+02
   0.31719524E+02  0.15412215E+02
   0.31729048E+02  0.15396760E+02
   0.31738676E+02  0.15381380E+02
   0.31748402E+02  0.15366077E+02
   0.31758221E+02  0.15350844E+02
   0.31768124E+02  0.15335683E+02
   0.31778114E+02  0.15320590E+02
   0.31788185E+02  0.15305564E+02
   0.31798332E+02  0.15290600E+02
   0.31808548E+02  0.15275700E+02
   0.31818838E+02  0.15260864E+02
   0.31829203E+02  0.15246088E+02
   0.31839628E+02  0.15231371E+02
   0.31850119E+02  0.15216711E+02
   0.31860668E+02  0.15202106E+02
   0.31871292E+02  0.15187562E+02
   0.31881960E+02  0.15173073E+02
   0.31892687E+02  0.15158636E+02
   0.31903471E+02  0.15144250E+02
   0.31914307E+02  0.15129923E+02
   0.31925194E+02  0.15115642E+02
   0.31936132E+02  0.15101413E+02
   0.31947124E+02  0.15087235E+02
   0.31958162E+02  0.15073107E+02
   0.31969242E+02  0.15059025E+02
   0.31980373E+02  0.15044992E+02
   0.31991549E+02  0.15031010E+02
   0.32002769E+02  0.15017071E+02
   0.32014034E+02  0.15003176E+02
   0.32025345E+02  0.14989327E+02
   0.32036701E+02  0.14975523E+02
   0.32048096E+02  0.14961759E+02
   0.32059540E+02  0.14948035E+02
   0.32071026E+02  0.14934353E+02
   0.32082561E+02  0.14920710E+02
   0.32094131E+02  0.14907101E+02
   0.32105759E+02  0.14893526E+02
   0.32117424E+02  0.14879985E+02
   0.32129147E+02  0.14866473E+02
   0.32140923E+02  0.14852987E+02
   0.32152752E+02  0.14839525E+02
   0.32164635E+02  0.14826084E+02
   0.32176579E+02  0.14812663E+02
   0.32188580E+02  0.14799254E+02
   0.32200653E+02  0.14785857E+02
   0.32212795E+02  0.14772463E+02
   0.32225006E+02  0.14759077E+02
   0.32237293E+02  0.14745689E+02
   0.32249657E+02  0.14732303E+02
   0.32262112E+02  0.14718909E+02
   0.32274639E+02  0.14705513E+02
   0.32287251E+02  0.14692110E+02
   0.32299946E+02  0.14678706E+02
   0.32312725E+02  0.14665298E+02
   0.32325588E+02  0.14651891E+02
   0.32338524E+02  0.14638488E+02
   0.32351536E+02  0.14625094E+02
   0.32364624E+02  0.14611709E+02
   0.32377777E+02  0.14598342E+02
   0.32390999E+02  0.14584996E+02
   0.32404278E+02  0.14571675E+02
   0.32417618E+02  0.14558382E+02
   0.32431011E+02  0.14545126E+02
   0.32444458E+02  0.14531902E+02
   0.32457958E+02  0.14518721E+02
   0.32471508E+02  0.14505583E+02
   0.32485092E+02  0.14492492E+02
   0.32498730E+02  0.14479447E+02
   0.32512409E+02  0.14466451E+02
   0.32526127E+02  0.14453509E+02
   0.32539890E+02  0.14440621E+02
   0.32553699E+02  0.14427785E+02
   0.32567539E+02  0.14415008E+02
   0.32581425E+02  0.14402288E+02
   0.32595352E+02  0.14389628E+02
   0.32609322E+02  0.14377029E+02
   0.32623329E+02  0.14364489E+02
   0.32637371E+02  0.14352014E+02
   0.32651466E+02  0.14339602E+02
   0.32665596E+02  0.14327252E+02
   0.32679775E+02  0.14314972E+02
   0.32693993E+02  0.14302759E+02
   0.32708252E+02  0.14290618E+02
   0.32722557E+02  0.14278543E+02
   0.32736912E+02  0.14266544E+02
   0.32751312E+02  0.14254617E+02
   0.32765759E+02  0.14242765E+02
   0.32780258E+02  0.14230993E+02
   0.32794800E+02  0.14219301E+02
   0.32809402E+02  0.14207691E+02
   0.32824051E+02  0.14196167E+02
   0.32838757E+02  0.14184729E+02
   0.32853516E+02  0.14173382E+02
   0.32868328E+02  0.14162127E+02
   0.32883209E+02  0.14150972E+02
   0.32898140E+02  0.14139916E+02
   0.32913139E+02  0.14128969E+02
   0.32928204E+02  0.14118128E+02
   0.32943333E+02  0.14107403E+02
   0.32958530E+02  0.14096799E+02
   0.32973797E+02  0.14086321E+02
   0.32989147E+02  0.14075974E+02
   0.33004566E+02  0.14065770E+02
   0.33020065E+02  0.14055715E+02
   0.33035645E+02  0.14045820E+02
   0.33051323E+02  0.14036091E+02
   0.33067085E+02  0.14026544E+02
   0.33082943E+02  0.14017192E+02
   0.33098896E+02  0.14008051E+02
   0.33114960E+02  0.13999135E+02
   0.33131134E+02  0.13990471E+02
   0.33147427E+02  0.13982076E+02
   0.33163834E+02  0.13973985E+02
   0.33180378E+02  0.13966226E+02
   0.33197048E+02  0.13958843E+02
   0.33213860E+02  0.13951885E+02
   0.33230831E+02  0.13945411E+02
   0.33247948E+02  0.13939499E+02
   0.33265217E+02  0.13934241E+02
   0.33282646E+02  0.13929766E+02
   0.33300217E+02  0.13926226E+02
   0.33317898E+02  0.13923844E+02
   0.33335632E+02  0.13922911E+02
   0.33353287E+02  0.13923821E+02
   0.33370613E+02  0.13927113E+02
   0.33387135E+02  0.13933425E+02
   0.33402069E+02  0.13943359E+02
   0.33402374E+02  0.13943624E+02
