 309   1
   0.38223976E+02  0.17606894E+01
   0.38258118E+02  0.17865820E+01
   0.38285797E+02  0.18206083E+01
   0.38306606E+02  0.18597200E+01
   0.38321491E+02  0.19014270E+01
   0.38331703E+02  0.19443059E+01
   0.38338299E+02  0.19876465E+01
   0.38342056E+02  0.20311024E+01
   0.38343540E+02  0.20745034E+01
   0.38343166E+02  0.21177652E+01
   0.38341240E+02  0.21608477E+01
   0.38337990E+02  0.22037327E+01
   0.38333611E+02  0.22464144E+01
   0.38328232E+02  0.22888937E+01
   0.38321980E+02  0.23311744E+01
   0.38314945E+02  0.23732622E+01
   0.38307209E+02  0.24151633E+01
   0.38298836E+02  0.24568849E+01
   0.38289883E+02  0.24984341E+01
   0.38280396E+02  0.25398164E+01
   0.38270412E+02  0.25810382E+01
   0.38259975E+02  0.26221061E+01
   0.38249119E+02  0.26630247E+01
   0.38237862E+02  0.27037985E+01
   0.38226231E+02  0.27444336E+01
   0.38214252E+02  0.27849329E+01
   0.38201942E+02  0.28253012E+01
   0.38189320E+02  0.28655415E+01
   0.38176407E+02  0.29056575E+01
   0.38163204E+02  0.29456532E+01
   0.38149731E+02  0.29855301E+01
   0.38136005E+02  0.30252914E+01
   0.38122032E+02  0.30649407E+01
   0.38107822E+02  0.31044788E+01
   0.38093384E+02  0.31439080E+01
   0.38078739E+02  0.31832306E+01
   0.38063873E+02  0.32224493E+01
   0.38048809E+02  0.32615643E+01
   0.38033550E+02  0.33005779E+01
   0.38018097E+02  0.33394914E+01
   0.38002464E+02  0.33783064E+01
   0.37986656E+02  0.34170241E+01
   0.37970673E+02  0.34556460E+01
   0.37954525E+02  0.34941723E+01
   0.37938210E+02  0.35326052E+01
   0.37921738E+02  0.35709448E+01
   0.37905113E+02  0.36091921E+01
   0.37888336E+02  0.36473491E+01
   0.37871410E+02  0.36854160E+01
   0.37854343E+02  0.37233934E+01
   0.37837132E+02  0.37612832E+01
   0.37819786E+02  0.37990856E+01
   0.37802299E+02  0.38368018E+01
   0.37784683E+02  0.38744338E+01
   0.37766933E+02  0.39119813E+01
   0.37749058E+02  0.39494479E+01
   0.37731052E+02  0.39868333E+01
   0.37712917E+02  0.40241399E+01
   0.37694660E+02  0.40613704E+01
   0.37676281E+02  0.40985260E+01
   0.37657772E+02  0.41356106E+01
   0.37639141E+02  0.41726270E+01
   0.37620384E+02  0.42095780E+01
   0.37601505E+02  0.42464690E+01
   0.37582497E+02  0.42833047E+01
   0.37563362E+02  0.43200893E+01
   0.37544094E+02  0.43568306E+01
   0.37524693E+02  0.43935347E+01
   0.37505150E+02  0.44302092E+01
   0.37485474E+02  0.44668627E+01
   0.37465645E+02  0.45035028E+01
   0.37445671E+02  0.45401416E+01
   0.37425537E+02  0.45767865E+01
   0.37405235E+02  0.46134486E+01
   0.37384773E+02  0.46501365E+01
   0.37364132E+02  0.46868591E+01
   0.37343311E+02  0.47236238E+01
   0.37322308E+02  0.47604361E+01
   0.37301113E+02  0.47972994E+01
   0.37279736E+02  0.48342152E+01
   0.37258160E+02  0.48711829E+01
   0.37236397E+02  0.49081969E+01
   0.37214447E+02  0.49452524E+01
   0.37192310E+02  0.49823399E+01
   0.37169991E+02  0.50194502E+01
   0.37147503E+02  0.50565705E+01
   0.37124840E+02  0.50936909E+01
   0.37102005E+02  0.51307974E+01
   0.37079021E+02  0.51678796E+01
   0.37055878E+02  0.52049246E+01
   0.37032589E+02  0.52419229E+01
   0.37009155E+02  0.52788630E+01
   0.36985580E+02  0.53157382E+01
   0.36961868E+02  0.53525381E+01
   0.36938023E+02  0.53892570E+01
   0.36914047E+02  0.54258885E+01
   0.36889942E+02  0.54624271E+01
   0.36865711E+02  0.54988680E+01
   0.36841347E+02  0.55352054E+01
   0.36816856E+02  0.55714369E+01
   0.36792240E+02  0.56075587E+01
   0.36767498E+02  0.56435671E+01
   0.36742626E+02  0.56794591E+01
   0.36717628E+02  0.57152328E+01
   0.36692497E+02  0.57508850E+01
   0.36667236E+02  0.57864127E+01
   0.36641842E+02  0.58218136E+01
   0.36616314E+02  0.58570857E+01
   0.36590652E+02  0.58922257E+01
   0.36564850E+02  0.59272308E+01
   0.36538902E+02  0.59620976E+01
   0.36512814E+02  0.59968243E+01
   0.36486580E+02  0.60314064E+01
   0.36460194E+02  0.60658407E+01
   0.36433659E+02  0.61001244E+01
   0.36406963E+02  0.61342516E+01
   0.36380112E+02  0.61682200E+01
   0.36353092E+02  0.62020230E+01
   0.36325909E+02  0.62356563E+01
   0.36298546E+02  0.62691154E+01
   0.36271011E+02  0.63023939E+01
   0.36243294E+02  0.63354840E+01
   0.36215385E+02  0.63683796E+01
   0.36187283E+02  0.64010730E+01
   0.36158981E+02  0.64335551E+01
   0.36130470E+02  0.64658170E+01
   0.36101742E+02  0.64978490E+01
   0.36072796E+02  0.65296378E+01
   0.36043610E+02  0.65611730E+01
   0.36014187E+02  0.65924387E+01
   0.35984509E+02  0.66234202E+01
   0.35954571E+02  0.66540995E+01
   0.35924358E+02  0.66844568E+01
   0.35893856E+02  0.67144699E+01
   0.35863045E+02  0.67441149E+01
   0.35831913E+02  0.67733607E+01
   0.35800446E+02  0.68021765E+01
   0.35768616E+02  0.68305216E+01
   0.35736404E+02  0.68583536E+01
   0.35703789E+02  0.68856196E+01
   0.35670738E+02  0.69122581E+01
   0.35637222E+02  0.69381938E+01
   0.35603199E+02  0.69633403E+01
   0.35568638E+02  0.69875865E+01
   0.35533489E+02  0.70107975E+01
   0.35497696E+02  0.70328045E+01
   0.35461216E+02  0.70533886E+01
   0.35423988E+02  0.70722661E+01
   0.35385956E+02  0.70890613E+01
   0.35347080E+02  0.71032624E+01
   0.35307354E+02  0.71141658E+01
   0.35266884E+02  0.71207881E+01
   0.35225979E+02  0.71217833E+01
   0.35185413E+02  0.71154294E+01
   0.35146725E+02  0.70999866E+01
   0.35112240E+02  0.70747671E+01
   0.35084076E+02  0.70412674E+01
   0.35062813E+02  0.70024490E+01
   0.35047596E+02  0.69608703E+01
   0.35037167E+02  0.69180317E+01
   0.35030457E+02  0.68746939E+01
   0.35026657E+02  0.68312263E+01
   0.35025185E+02  0.67878113E+01
   0.35025620E+02  0.67445378E+01
   0.35027630E+02  0.67014475E+01
   0.35030987E+02  0.66585612E+01
   0.35035500E+02  0.66158848E+01
   0.35041019E+02  0.65734162E+01
   0.35047424E+02  0.65311522E+01
   0.35054623E+02  0.64890862E+01
   0.35062534E+02  0.64472108E+01
   0.35071079E+02  0.64055204E+01
   0.35080212E+02  0.63640060E+01
   0.35089886E+02  0.63226614E+01
   0.35100052E+02  0.62814803E+01
   0.35110676E+02  0.62404566E+01
   0.35121723E+02  0.61995850E+01
   0.35133167E+02  0.61588593E+01
   0.35144985E+02  0.61182761E+01
   0.35157154E+02  0.60778303E+01
   0.35169651E+02  0.60375171E+01
   0.35182465E+02  0.59973326E+01
   0.35195568E+02  0.59572740E+01
   0.35208950E+02  0.59173384E+01
   0.35222607E+02  0.58775201E+01
   0.35236515E+02  0.58378191E+01
   0.35250671E+02  0.57982321E+01
   0.35265053E+02  0.57587562E+01
   0.35279663E+02  0.57193885E+01
   0.35294491E+02  0.56801276E+01
   0.35309528E+02  0.56409721E+01
   0.35324764E+02  0.56019201E+01
   0.35340191E+02  0.55629702E+01
   0.35355804E+02  0.55241184E+01
   0.35371597E+02  0.54853668E+01
   0.35387566E+02  0.54467115E+01
   0.35403706E+02  0.54081526E+01
   0.35420006E+02  0.53696876E+01
   0.35436470E+02  0.53313169E+01
   0.35453091E+02  0.52930384E+01
   0.35469860E+02  0.52548513E+01
   0.35486778E+02  0.52167544E+01
   0.35503841E+02  0.51787477E+01
   0.35521042E+02  0.51408281E+01
   0.35538383E+02  0.51029968E+01
   0.35555862E+02  0.50652509E+01
   0.35573471E+02  0.50275908E+01
   0.35591209E+02  0.49900146E+01
   0.35609077E+02  0.49525199E+01
   0.35627071E+02  0.49151082E+01
   0.35645191E+02  0.48777742E+01
   0.35663429E+02  0.48405199E+01
   0.35681797E+02  0.48033404E+01
   0.35700279E+02  0.47662339E+01
   0.35718887E+02  0.47291980E+01
   0.35737610E+02  0.46922297E+01
   0.35756454E+02  0.46553249E+01
   0.35775425E+02  0.46184797E+01
   0.35794521E+02  0.45816894E+01
   0.35813732E+02  0.45449486E+01
   0.35833076E+02  0.45082507E+01
   0.35852554E+02  0.44715900E+01
   0.35872162E+02  0.44349580E+01
   0.35891907E+02  0.43983459E+01
   0.35911797E+02  0.43617454E+01
   0.35931824E+02  0.43251472E+01
   0.35952015E+02  0.42885418E+01
   0.35972363E+02  0.42519188E+01
   0.35992870E+02  0.42152681E+01
   0.36013554E+02  0.41785827E+01
   0.36034409E+02  0.41418538E+01
   0.36055443E+02  0.41050758E+01
   0.36076660E+02  0.40682459E+01
   0.36098072E+02  0.40313606E+01
   0.36119663E+02  0.39944222E+01
   0.36141445E+02  0.39574337E+01
   0.36163414E+02  0.39204013E+01
   0.36185555E+02  0.38833339E+01
   0.36207882E+02  0.38462412E+01
   0.36230377E+02  0.38091333E+01
   0.36253040E+02  0.37720222E+01
   0.36275864E+02  0.37349215E+01
   0.36298847E+02  0.36978416E+01
   0.36321980E+02  0.36607952E+01
   0.36345257E+02  0.36237926E+01
   0.36368671E+02  0.35868440E+01
   0.36392227E+02  0.35499578E+01
   0.36415909E+02  0.35131428E+01
   0.36439724E+02  0.34764049E+01
   0.36463673E+02  0.34397516E+01
   0.36487740E+02  0.34031889E+01
   0.36511936E+02  0.33667204E+01
   0.36536255E+02  0.33303511E+01
   0.36560692E+02  0.32940855E+01
   0.36585258E+02  0.32579262E+01
   0.36609947E+02  0.32218769E+01
   0.36634754E+02  0.31859403E+01
   0.36659695E+02  0.31501193E+01
   0.36684753E+02  0.31144166E+01
   0.36709942E+02  0.30788348E+01
   0.36735260E+02  0.30433762E+01
   0.36760708E+02  0.30080438E+01
   0.36786293E+02  0.29728401E+01
   0.36812008E+02  0.29377677E+01
   0.36837860E+02  0.29028299E+01
   0.36863853E+02  0.28680296E+01
   0.36889992E+02  0.28333700E+01
   0.36916271E+02  0.27988539E+01
   0.36942703E+02  0.27644861E+01
   0.36969284E+02  0.27302704E+01
   0.36996021E+02  0.26962097E+01
   0.37022926E+02  0.26623099E+01
   0.37049988E+02  0.26285765E+01
   0.37077221E+02  0.25950139E+01
   0.37104633E+02  0.25616283E+01
   0.37132217E+02  0.25284259E+01
   0.37159992E+02  0.24954138E+01
   0.37187954E+02  0.24626009E+01
   0.37216114E+02  0.24299948E+01
   0.37244480E+02  0.23976035E+01
   0.37273064E+02  0.23654401E+01
   0.37301861E+02  0.23335142E+01
   0.37330887E+02  0.23018374E+01
   0.37360157E+02  0.22704258E+01
   0.37389675E+02  0.22392945E+01
   0.37419453E+02  0.22084606E+01
   0.37449505E+02  0.21779437E+01
   0.37479847E+02  0.21477666E+01
   0.37510490E+02  0.21179538E+01
   0.37541454E+02  0.20885344E+01
   0.37572758E+02  0.20595400E+01
   0.37604416E+02  0.20310123E+01
   0.37636463E+02  0.20029933E+01
   0.37668915E+02  0.19755369E+01
   0.37701805E+02  0.19487050E+01
   0.37735165E+02  0.19225731E+01
   0.37769028E+02  0.18972297E+01
   0.37803444E+02  0.18727856E+01
   0.37838459E+02  0.18493785E+01
   0.37874111E+02  0.18271815E+01
   0.37910473E+02  0.18064170E+01
   0.37947601E+02  0.17873749E+01
   0.37985550E+02  0.17704432E+01
   0.38024372E+02  0.17561495E+01
   0.38064060E+02  0.17452245E+01
   0.38104519E+02  0.17386895E+01
   0.38145412E+02  0.17379495E+01
   0.38185921E+02  0.17447852E+01
   0.38223976E+02  0.17606894E+01
