 311   1
   0.36461384E+02  0.81849070E+01
   0.36490379E+02  0.82039986E+01
   0.36516418E+02  0.82273903E+01
   0.36539124E+02  0.82543154E+01
   0.36558434E+02  0.82839098E+01
   0.36574554E+02  0.83153944E+01
   0.36587799E+02  0.83481665E+01
   0.36598518E+02  0.83817921E+01
   0.36607059E+02  0.84159641E+01
   0.36613701E+02  0.84504814E+01
   0.36618690E+02  0.84852037E+01
   0.36622238E+02  0.85200329E+01
   0.36624516E+02  0.85549059E+01
   0.36625660E+02  0.85897741E+01
   0.36625797E+02  0.86246090E+01
   0.36625031E+02  0.86593866E+01
   0.36623444E+02  0.86940899E+01
   0.36621101E+02  0.87287121E+01
   0.36618080E+02  0.87632399E+01
   0.36614429E+02  0.87976723E+01
   0.36610199E+02  0.88320055E+01
   0.36605423E+02  0.88662357E+01
   0.36600143E+02  0.89003620E+01
   0.36594398E+02  0.89343853E+01
   0.36588207E+02  0.89683037E+01
   0.36581604E+02  0.90021191E+01
   0.36574604E+02  0.90358324E+01
   0.36567238E+02  0.90694427E+01
   0.36559517E+02  0.91029510E+01
   0.36551460E+02  0.91363602E+01
   0.36543087E+02  0.91696692E+01
   0.36534401E+02  0.92028799E+01
   0.36525429E+02  0.92359924E+01
   0.36516182E+02  0.92690115E+01
   0.36506660E+02  0.93019333E+01
   0.36496880E+02  0.93347616E+01
   0.36486851E+02  0.93674984E+01
   0.36476582E+02  0.94001417E+01
   0.36466080E+02  0.94326954E+01
   0.36455357E+02  0.94651585E+01
   0.36444408E+02  0.94975319E+01
   0.36433258E+02  0.95298176E+01
   0.36421898E+02  0.95620165E+01
   0.36410336E+02  0.95941296E+01
   0.36398586E+02  0.96261559E+01
   0.36386642E+02  0.96580992E+01
   0.36374516E+02  0.96899567E+01
   0.36362209E+02  0.97217340E+01
   0.36349724E+02  0.97534285E+01
   0.36337070E+02  0.97850418E+01
   0.36324242E+02  0.98165760E+01
   0.36311253E+02  0.98480291E+01
   0.36298100E+02  0.98794069E+01
   0.36284786E+02  0.99107075E+01
   0.36271309E+02  0.99419327E+01
   0.36257679E+02  0.99730844E+01
   0.36243896E+02  0.10004162E+02
   0.36229965E+02  0.10035169E+02
   0.36215874E+02  0.10066109E+02
   0.36201645E+02  0.10096979E+02
   0.36187256E+02  0.10127784E+02
   0.36172726E+02  0.10158526E+02
   0.36158043E+02  0.10189208E+02
   0.36143219E+02  0.10219831E+02
   0.36128242E+02  0.10250398E+02
   0.36113121E+02  0.10280912E+02
   0.36097851E+02  0.10311378E+02
   0.36082432E+02  0.10341797E+02
   0.36066860E+02  0.10372171E+02
   0.36051136E+02  0.10402508E+02
   0.36035263E+02  0.10432808E+02
   0.36019230E+02  0.10463075E+02
   0.36003048E+02  0.10493313E+02
   0.35986702E+02  0.10523524E+02
   0.35970196E+02  0.10553710E+02
   0.35953529E+02  0.10583876E+02
   0.35936703E+02  0.10614020E+02
   0.35919708E+02  0.10644147E+02
   0.35902546E+02  0.10674254E+02
   0.35885220E+02  0.10704343E+02
   0.35867725E+02  0.10734410E+02
   0.35850067E+02  0.10764458E+02
   0.35832237E+02  0.10794477E+02
   0.35814243E+02  0.10824469E+02
   0.35796089E+02  0.10854430E+02
   0.35777767E+02  0.10884354E+02
   0.35759281E+02  0.10914236E+02
   0.35740635E+02  0.10944073E+02
   0.35721828E+02  0.10973855E+02
   0.35702869E+02  0.11003581E+02
   0.35683750E+02  0.11033245E+02
   0.35664482E+02  0.11062840E+02
   0.35645054E+02  0.11092361E+02
   0.35625481E+02  0.11121804E+02
   0.35605755E+02  0.11151165E+02
   0.35585884E+02  0.11180437E+02
   0.35565865E+02  0.11209617E+02
   0.35545689E+02  0.11238700E+02
   0.35525375E+02  0.11267682E+02
   0.35504913E+02  0.11296559E+02
   0.35484303E+02  0.11325329E+02
   0.35463547E+02  0.11353987E+02
   0.35442642E+02  0.11382528E+02
   0.35421589E+02  0.11410950E+02
   0.35400387E+02  0.11439249E+02
   0.35379036E+02  0.11467422E+02
   0.35357533E+02  0.11495465E+02
   0.35335873E+02  0.11523375E+02
   0.35314064E+02  0.11551147E+02
   0.35292099E+02  0.11578779E+02
   0.35269974E+02  0.11606265E+02
   0.35247688E+02  0.11633603E+02
   0.35225239E+02  0.11660787E+02
   0.35202625E+02  0.11687812E+02
   0.35179844E+02  0.11714675E+02
   0.35156887E+02  0.11741370E+02
   0.35133759E+02  0.11767891E+02
   0.35110455E+02  0.11794232E+02
   0.35086964E+02  0.11820389E+02
   0.35063286E+02  0.11846354E+02
   0.35039425E+02  0.11872117E+02
   0.35015362E+02  0.11897675E+02
   0.34991104E+02  0.11923016E+02
   0.34966637E+02  0.11948132E+02
   0.34941963E+02  0.11973013E+02
   0.34917068E+02  0.11997648E+02
   0.34891949E+02  0.12022026E+02
   0.34866600E+02  0.12046133E+02
   0.34841011E+02  0.12069953E+02
   0.34815182E+02  0.12093472E+02
   0.34789089E+02  0.12116675E+02
   0.34762733E+02  0.12139538E+02
   0.34736111E+02  0.12162041E+02
   0.34709198E+02  0.12184159E+02
   0.34681992E+02  0.12205865E+02
   0.34654469E+02  0.12227130E+02
   0.34626625E+02  0.12247916E+02
   0.34598450E+02  0.12268186E+02
   0.34569916E+02  0.12287891E+02
   0.34541012E+02  0.12306982E+02
   0.34511719E+02  0.12325397E+02
   0.34482025E+02  0.12343061E+02
   0.34451908E+02  0.12359896E+02
   0.34421341E+02  0.12375798E+02
   0.34390312E+02  0.12390652E+02
   0.34358807E+02  0.12404315E+02
   0.34326820E+02  0.12416615E+02
   0.34294331E+02  0.12427345E+02
   0.34261372E+02  0.12436251E+02
   0.34227974E+02  0.12443023E+02
   0.34194214E+02  0.12447286E+02
   0.34160248E+02  0.12448599E+02
   0.34126316E+02  0.12446459E+02
   0.34092800E+02  0.12440341E+02
   0.34060249E+02  0.12429787E+02
   0.34029358E+02  0.12414534E+02
   0.34000870E+02  0.12394665E+02
   0.33975391E+02  0.12370656E+02
   0.33953270E+02  0.12343265E+02
   0.33934528E+02  0.12313331E+02
   0.33918949E+02  0.12281597E+02
   0.33906219E+02  0.12248643E+02
   0.33895992E+02  0.12214885E+02
   0.33887932E+02  0.12180613E+02
   0.33881756E+02  0.12146023E+02
   0.33877220E+02  0.12111252E+02
   0.33874123E+02  0.12076388E+02
   0.33872292E+02  0.12041499E+02
   0.33871578E+02  0.12006627E+02
   0.33871876E+02  0.11971800E+02
   0.33873077E+02  0.11937041E+02
   0.33875092E+02  0.11902364E+02
   0.33877853E+02  0.11867780E+02
   0.33881294E+02  0.11833294E+02
   0.33885365E+02  0.11798912E+02
   0.33890007E+02  0.11764638E+02
   0.33895191E+02  0.11730471E+02
   0.33900875E+02  0.11696412E+02
   0.33907024E+02  0.11662462E+02
   0.33913612E+02  0.11628621E+02
   0.33920612E+02  0.11594887E+02
   0.33927998E+02  0.11561260E+02
   0.33935753E+02  0.11527740E+02
   0.33943855E+02  0.11494323E+02
   0.33952290E+02  0.11461009E+02
   0.33961037E+02  0.11427798E+02
   0.33970081E+02  0.11394687E+02
   0.33979420E+02  0.11361675E+02
   0.33989029E+02  0.11328762E+02
   0.33998901E+02  0.11295945E+02
   0.34009029E+02  0.11263224E+02
   0.34019402E+02  0.11230597E+02
   0.34030010E+02  0.11198063E+02
   0.34040844E+02  0.11165621E+02
   0.34051895E+02  0.11133270E+02
   0.34063164E+02  0.11101008E+02
   0.34074635E+02  0.11068836E+02
   0.34086308E+02  0.11036751E+02
   0.34098175E+02  0.11004750E+02
   0.34110226E+02  0.10972837E+02
   0.34122463E+02  0.10941010E+02
   0.34134884E+02  0.10909264E+02
   0.34147476E+02  0.10877601E+02
   0.34160236E+02  0.10846021E+02
   0.34173168E+02  0.10814518E+02
   0.34186264E+02  0.10783097E+02
   0.34199512E+02  0.10751753E+02
   0.34212929E+02  0.10720487E+02
   0.34226494E+02  0.10689295E+02
   0.34240215E+02  0.10658179E+02
   0.34254086E+02  0.10627134E+02
   0.34268105E+02  0.10596163E+02
   0.34282265E+02  0.10565259E+02
   0.34296577E+02  0.10534425E+02
   0.34311031E+02  0.10503655E+02
   0.34325630E+02  0.10472950E+02
   0.34340370E+02  0.10442307E+02
   0.34355251E+02  0.10411722E+02
   0.34370274E+02  0.10381194E+02
   0.34385437E+02  0.10350718E+02
   0.34400742E+02  0.10320295E+02
   0.34416195E+02  0.10289918E+02
   0.34431789E+02  0.10259585E+02
   0.34447525E+02  0.10229294E+02
   0.34463413E+02  0.10199038E+02
   0.34479446E+02  0.10168817E+02
   0.34495632E+02  0.10138626E+02
   0.34511963E+02  0.10108461E+02
   0.34528450E+02  0.10078322E+02
   0.34545086E+02  0.10048202E+02
   0.34561882E+02  0.10018103E+02
   0.34578838E+02  0.99880190E+01
   0.34595947E+02  0.99579525E+01
   0.34613224E+02  0.99279032E+01
   0.34630657E+02  0.98978691E+01
   0.34648251E+02  0.98678522E+01
   0.34666004E+02  0.98378553E+01
   0.34683922E+02  0.98078794E+01
   0.34701996E+02  0.97779293E+01
   0.34720234E+02  0.97480078E+01
   0.34738625E+02  0.97181206E+01
   0.34757175E+02  0.96882734E+01
   0.34775875E+02  0.96584682E+01
   0.34794731E+02  0.96287117E+01
   0.34813740E+02  0.95990114E+01
   0.34832893E+02  0.95693684E+01
   0.34852200E+02  0.95397911E+01
   0.34871651E+02  0.95102835E+01
   0.34891243E+02  0.94808521E+01
   0.34910976E+02  0.94514990E+01
   0.34930859E+02  0.94222307E+01
   0.34950882E+02  0.93930502E+01
   0.34971046E+02  0.93639631E+01
   0.34991352E+02  0.93349714E+01
   0.35011795E+02  0.93060818E+01
   0.35032379E+02  0.92772961E+01
   0.35053112E+02  0.92486191E+01
   0.35073978E+02  0.92200527E+01
   0.35094986E+02  0.91916018E+01
   0.35116142E+02  0.91632690E+01
   0.35137440E+02  0.91350584E+01
   0.35158886E+02  0.91069717E+01
   0.35180481E+02  0.90790167E+01
   0.35202221E+02  0.90511932E+01
   0.35224110E+02  0.90235052E+01
   0.35246155E+02  0.89959583E+01
   0.35268356E+02  0.89685564E+01
   0.35290714E+02  0.89413042E+01
   0.35313240E+02  0.89142027E+01
   0.35335922E+02  0.88872604E+01
   0.35358772E+02  0.88604822E+01
   0.35381798E+02  0.88338728E+01
   0.35404991E+02  0.88074379E+01
   0.35428364E+02  0.87811842E+01
   0.35451923E+02  0.87551193E+01
   0.35475666E+02  0.87292490E+01
   0.35499603E+02  0.87035828E+01
   0.35523739E+02  0.86781273E+01
   0.35548073E+02  0.86528931E+01
   0.35572620E+02  0.86278915E+01
   0.35597382E+02  0.86031322E+01
   0.35622368E+02  0.85786276E+01
   0.35647579E+02  0.85543919E+01
   0.35673035E+02  0.85304384E+01
   0.35698734E+02  0.85067854E+01
   0.35724693E+02  0.84834490E+01
   0.35750912E+02  0.84604521E+01
   0.35777416E+02  0.84378166E+01
   0.35804203E+02  0.84155655E+01
   0.35831295E+02  0.83937321E+01
   0.35858704E+02  0.83723450E+01
   0.35886436E+02  0.83514433E+01
   0.35914524E+02  0.83310690E+01
   0.35942970E+02  0.83112707E+01
   0.35971798E+02  0.82921057E+01
   0.36001026E+02  0.82736387E+01
   0.36030682E+02  0.82559490E+01
   0.36060780E+02  0.82391253E+01
   0.36091339E+02  0.82232800E+01
   0.36122383E+02  0.82085409E+01
   0.36153927E+02  0.81950684E+01
   0.36185989E+02  0.81830540E+01
   0.36218563E+02  0.81727314E+01
   0.36251633E+02  0.81643915E+01
   0.36285130E+02  0.81583843E+01
   0.36318970E+02  0.81551332E+01
   0.36352951E+02  0.81551352E+01
   0.36386761E+02  0.81589327E+01
   0.36419918E+02  0.81670523E+01
   0.36451771E+02  0.81798840E+01
   0.36461384E+02  0.81849070E+01
