 1  1  -26.1690  155.0700  5.00  0.6    bmr12  mag  801
 1  1  -26.4840  155.2990  5.00  0.2    bmr12  mag  801
 1  1  -26.5950  155.4270  5.00  0.4    um670  mag  801
 1  1  -26.7930  155.4790  5.00  1.8    bmr15  mag  801
 1  1  -26.8320  155.4780  5.00  1.8    bmr12  mag  801
 2  1  -25.9830  155.8580  5.00  0.4    um670  mag  833
 2  1  -26.1650  155.9690  5.00  0.4    bmr12  mag  833
 2  1  -26.5170  156.2430  5.00  1.6    bmr12  mag  833
32  1  -26.8330  156.3150  5.00  1.8    bmr12  mag  833 on fz
31  1  -29.8250  155.0400  5.00  0.4    bmr15  mag  801 nc
31  1  -29.8530  155.0550  5.00  0.6    bmr12  mag  801 nc
32  1  -29.8710  155.7640  5.00  0.4    bmr15  mag  833 nc
31  1  -30.4720  155.1610  5.00  0.6    bmr12  mag  801 nc
31  1  -31.1870  155.1720  5.00  0.7    bmr15  mag  801 nc
32  1  -32.1640  155.1340  5.00  0.6    bmr12  mag  833 nc
 1  2  -32.8600  154.4900  5.00  0.5    bmr12  mag  801
 1  2  -32.9760  154.4680  5.00  0.4    bmr13  mag  801
 2  2  -32.4750  155.2840  5.00  0.4    bmr12  mag  833
 2  2  -32.5220  155.3460  5.00  0.4    bmr15  mag  833
32  1  -33.5430  154.2300  5.00  0.3   agso52  mag  833 nc
 1  3  -34.2120  153.5560  5.00  0.3    bmr46  mag  801
 1  3  -34.4010  153.6810  5.00  0.1    bmr15  mag  801
 2  3  -33.6750  154.3430  5.00  0.2    ee47a  mag  833
 2  3  -33.8120  154.4760  5.00  0.3    bmr46  mag  833
 1  4  -34.6780  153.7710  5.00  0.9    ee47a  mag  801
 1  4  -34.7190  153.8170  5.00  0.7    bmr15  mag  801
 2  4  -34.2220  154.6600  5.00  0.2    bmr46  mag  833
 2  4  -34.3120  154.7850  5.00  0.4    ee47a  mag  833
 2  4  -34.6950  155.1010  5.00  0.0    ee47a  mag  833
31  1  -35.7330  154.4460  5.00  0.6    ee47a  mag  801 nc
 1  5  -36.3750  154.8230  5.00  0.2    bmr14  mag  801
 1  5  -36.6200  154.9910  5.00  0.9    ee47a  mag  801
 2  5  -35.7860  155.7450  5.00  0.4    ee47a  mag  833
 2  5  -35.8590  155.8180  5.00  0.3    kh68c  mag  833
 2  5  -35.8770  155.8100  5.00  0.0    kh68c  mag  833
 2  5  -35.9120  155.8560  5.00  0.2    bmr14  mag  833
31  1  -36.1440  154.8010  5.00  0.3    eel48  mag  801 nc
31  1  -37.2080  155.2740  5.00  0.3    kh68c  mag  801 nc
31  1  -37.9170  154.9740  5.00  0.8    kh68c  mag  801 nc
31  1  -38.0660  155.0340  5.00  0.0    ee47a  mag  801 nc
 1  6  -38.9450  155.4900  5.00  0.6    v1812  mag  801
 1  6  -39.4850  155.7830  5.00  1.8    ee54b  mag  801
 1  6  -39.6050  155.8780  5.00  1.8    eel39  mag  801
 1  6  -39.6850  155.9150  5.00  1.8    bmr15  mag  801
 1  6  -39.7410  155.9610  5.00  1.3 cook60_3  mag  801
 1  6  -39.9380  156.0660  5.00  0.8    eel34  mag  801
 2  6  -38.0800  156.1070  5.00  0.3    ee47a  mag  833
 2  6  -38.7530  156.7720  5.00  0.1    eel39  mag  833
 2  6  -39.1390  157.1300  5.00  0.6    v1812  mag  833
 2  6  -39.3440  157.2360  5.00  0.2    eel34  mag  833
 1  7  -40.4770  156.5570  5.00  1.2 west12mv  mag  801
 1  7  -40.7510  156.8070  5.00  0.3 cook60_3  mag  801
 1  7  -40.9230  156.9230  5.00  1.6 cook60_0  mag  801
 1  7  -41.0700  157.0770  5.00  0.7    v3215  mag  801
 2  7  -40.0190  157.8020  5.00  0.3 west12mv  mag  833
 2  7  -40.6970  158.4250  5.00  0.1    v3215  mag  833
 2  7  -40.7910  158.5150  5.00  1.2 cook60_0  mag  833
 1  8  -42.6380  157.2440  5.00  0.3    at941  mag  801
 1  8  -42.8350  157.1980  5.00  0.8    eel53  mag  801
 1  8  -42.8370  157.1760  5.00  0.6    msn05  mag  801
 2  8  -42.0410  158.5140  5.00  0.2    at941  mag  833
32  1  -43.8440  156.8670  5.00  0.5    eel53  mag  833 nc
32  1  -44.0940  157.0340  5.00  0.3    eel53  mag  833 nc
32  1  -45.2890  157.6470  5.00  0.5    c0906  mag  833 nc
31  1  -45.7530  156.0160  5.00  0.6    c0906  mag  801 nc
32  1  -46.9000  158.3250  5.00  0.2   ew9513  mag  833 nc
31  1  -47.4830  156.6790  5.00  0.2   ew9513  mag  801 nc
 1  9  -42.0950  156.8690  5.00  0.0        0  fzS    0
 1  9  -42.0170  157.0330  5.00  0.0        0  fzS    0
 1  9  -41.9650  157.1380  5.00  0.0        0  fzS    0
 1  9  -41.9300  157.2280  5.00  0.0        0  fzS    0
 1  9  -42.0620  156.9570  5.00  0.0        0  fzS    0
 1  9  -41.8950  157.2900  5.00  0.0        0  fzS    0
 2  9  -41.0430  158.3880  5.00  0.0        0  fzS    0
 2  9  -40.9890  158.4580  5.00  0.0        0  fzS    0
 2  9  -40.9590  158.5190  5.00  0.0        0  fzS    0
 2  9  -40.9190  158.5510  5.00  0.0        0  fzS    0
 1 10  -44.1690  155.6330  5.00  0.0        0  fzS    0
 1 10  -44.1370  155.7640  5.00  0.0        0  fzS    0
 1 10  -44.0900  155.8520  5.00  0.0        0  fzS    0
 1 10  -44.0750  155.9610  5.00  0.0        0  fzS    0
 1 10  -44.0120  156.0480  5.00  0.0        0  fzS    0
 1 10  -43.9960  156.1350  5.00  0.0        0  fzS    0
 2 10  -42.8020  157.9480  5.00  0.0        0  fzS    0
 2 10  -42.7540  158.0570  5.00  0.0        0  fzS    0
 2 10  -42.6890  158.1660  5.00  0.0        0  fzS    0
 2 10  -42.6410  158.2530  5.00  0.0        0  fzS    0
