32  1  -26.1570  156.4310  5.00  0.6    bmr12  mag  833 nc
32  1  -26.5140  156.6480  5.00  0.6    bmr12  mag  833 nc
31  1  -29.8140  154.7330  5.00  0.4    bmr15  mag  801 nc
 1  1  -30.4930  154.8260  5.00  0.5    bmr12  mag  801
 1  1  -30.8320  155.0450  5.00  0.6    bmr12  mag  801
 2  1  -29.8190  156.1780  5.00  0.6    bmr15  mag  833
 2  1  -29.8450  156.1840  5.00  0.6    bmr12  mag  833
31  1  -29.8310  154.7330  5.00  0.5    bmr12  mag  801 nc
 1  2  -31.4960  155.0050  5.00  0.6    bmr12  mag  801
 1  2  -31.5130  154.9270  5.00  0.3    um670  mag  801
 2  2  -30.2120  156.1660  5.00  0.6    bmr12  mag  833
31  1  -31.1500  154.9020  5.00  0.6    bmr12  mag  801 nc
 1  3  -32.9790  154.1470  5.00  0.4    bmr13  mag  801
 1  3  -33.1430  154.2840  5.00  0.4    kh68c  mag  801
 1  3  -33.2080  154.3150  5.00  0.6    bmr12  mag  801
 2  3  -32.1580  155.4730  5.00  2.2    bmr12  mag  833
 1  4  -34.3630  153.3300  5.00  0.5    bmr15  mag  801
 2  4  -33.4410  154.7900  5.00  0.6   agso52  mag  833
 2  4  -33.5500  154.8160  5.00  0.5    bmr15  mag  833
 1  5  -34.6920  153.3310  5.00  0.2    ee47a  mag  801
 1  5  -35.0360  153.5280  5.00  0.2    bmr15  mag  801
 2  5  -33.8140  154.8680  5.00  0.4    ee47a  mag  833
 2  5  -33.8190  154.8370  5.00  0.3    bmr46  mag  833
 2  5  -34.1830  155.0750  5.00  1.1    bmr46  mag  833
 2  5  -34.0470  155.0630  5.00  1.8    ee47a  mag  833
 1  6  -35.6920  153.7670  5.00  0.0    ee47a  mag  801
 1  6  -36.5330  154.4820  5.00  0.5    bmr14  mag  801
 1  6  -36.6780  154.5030  5.00  0.7    ee47a  mag  801
 2  6  -35.7870  156.1290  5.00  0.8    ee47a  mag  833
 2  6  -35.7940  156.1280  5.00  0.3    bmr14  mag  833
31  1  -38.0410  154.6080  5.00  0.3    ee47a  mag  801 nc
 1  7  -39.2650  155.0900  5.00  0.0    kh68c  mag  801
 1  7  -39.5700  155.3750  5.00  0.2    ee54b  mag  801
 1  7  -39.6640  155.4070  5.00  0.3    bmr15  mag  801
 1  7  -39.9310  155.5580  5.00  1.5    eel39  mag  801
 1  7  -39.9390  155.5710  5.00  0.3 cook60_3  mag  801
 1  7  -39.9680  155.5910  5.00  0.3 cook60_3  mag  801
 1  7  -40.1290  155.7140  5.00  0.4    eel34  mag  801
 1  7  -40.6380  156.1300  5.00  0.4 west12mv  mag  801
 2  7  -37.5620  156.3570  5.00  0.3    ee47a  mag  833
 2  7  -39.1110  157.5350  5.00  0.6    v1812  mag  833
 2  7  -38.0850  156.6710  5.00  0.6    ee47a  mag  833
 2  7  -38.5010  157.0810  5.00  0.1    eel39  mag  833
 1  8  -40.8260  156.2830  5.00  0.3 cook60_3  mag  801
 1  8  -40.9570  156.3980  5.00  1.1 cook60_0  mag  801
 1  8  -41.0480  156.4580  5.00  0.4    v3215  mag  801
 2  8  -39.8650  158.2110  5.00  0.4 west12mv  mag  833
 2  8  -40.5350  158.7880  5.00  0.4    v3215  mag  833
 1  9  -42.8670  156.6590  5.00  0.7    msn05  mag  801
 1  9  -42.8980  156.6880  5.00  0.6    at941  mag  801
 1  9  -42.9290  156.6910  5.00  0.6    eel53  mag  801
 2  9  -41.8940  158.8260  5.00  0.6    at941  mag  833
32  1  -43.6200  157.2860  5.00  0.3    eel53  mag  833 nc
 1 10  -45.0890  155.0990  5.00  0.4    eel36  mag  801
 1 10  -45.3440  155.0780  5.00  0.6    eel36  mag  801
 1 10  -45.4960  155.2070  5.00  0.3    c0906  mag  801
 2 10  -43.9420  157.3930  5.00  0.5    eel53  mag  833
 2 10  -43.8620  157.3690  5.00  0.4    ee40a  mag  833
 2 10  -44.9220  158.0690  5.00  1.1    c0906  mag  833
32  1  -46.7100  158.8570  5.00  0.4   ew9513  mag  833 nc
31  1  -47.6300  156.2630  5.00  0.2   ew9513  mag  801 nc
 1 11  -42.3210  156.3080  5.00  0.0   geosat  fzS    0
 1 11  -42.2170  156.5770  5.00  0.0   geosat  fzS    0
 1 11  -42.0950  156.8690  5.00  0.0   geosat  fzS    0
 2 11  -40.8650  158.5860  5.00  0.0   geosat  fzS    0
 2 11  -40.7410  158.7380  5.00  0.0   geosat  fzS    0
 2 11  -40.6790  158.8320  5.00  0.0   geosat  fzS    0
