 1  1  -30.8320  154.3990  5.00  0.5    bmr12  mag  801
 1  1  -31.1710  154.4710  5.00  0.5    bmr15  mag  801
 1  1  -31.1750  154.4500  5.00  0.3    bmr12  mag  801
 2  1  -28.8230  156.3930  5.00  0.4    bmr12  mag  833
 1  2  -33.1470  153.5430  5.00  0.4    kh68c  mag  801
31  1  -33.2270  153.3670  5.00  2.3    um670  mag  801 bad nav
 1  2  -33.1990  153.5970  5.00  0.2    bmr12  mag  801
 2  2  -31.5000  155.8690  5.00  1.0    bmr12  mag  833
 2  2  -31.8320  155.9600  5.00  1.0    bmr12  mag  833
 2  2  -31.8670  155.9540  5.00  1.0    bmr15  mag  833
31  1  -31.5100  154.6460  5.00  0.5    bmr12  mag  801 nc
31  1  -31.7290  154.6780  5.00  1.0    um670  mag  801 nc
31  1  -31.8260  154.8040  5.00  0.5    bmr12  mag  801 nc
31  1  -31.8380  154.8040  5.00  0.3    bmr15  mag  801 nc
 1  3  -34.6910  152.8370  5.00  0.3    ee47a  mag  801
 2  3  -32.9980  155.2260  5.00  0.6    bmr13  mag  833
32  3  -33.1380  155.2750  5.00  0.4    kh68c  mag  833 ? wrong
 2  3  -33.1530  155.3960  5.00  0.6    bmr12  mag  833
 1  4  -35.3430  152.9240  5.00  0.5   agso68  mag  801
31  3  -35.6610  152.8770  5.00  0.5    bmr15  mag  801 outlayer
31  3  -35.6690  152.8880  5.00  1.8    ee47a  mag  801 outlayer
 2  4  -33.9090  155.4580  5.00  0.6    ee47a  mag  833
 2  4  -34.1190  155.6510  5.00  1.8    bmr46  mag  833
 1  5  -36.7170  153.5970  5.00  0.0    ee47a  mag  801
 1  5  -36.6500  153.6720  5.00  1.2    eel48  mag  801
 1  5  -36.8890  153.7180  5.00  0.2    bmr14  mag  801
 2  5  -34.7050  155.9140  5.00  0.5    ee47a  mag  833
 2  5  -34.8990  156.1870  5.00  0.3    kh68c  mag  833
 2  5  -35.5330  156.6290  5.00  0.3    bmr14  mag  833
 1  6  -38.9210  154.0450  5.00  1.3    v1812  mag  801
 1  6  -39.7040  154.4870  5.00  0.3    bmr15  mag  801
 1  6  -39.7400  154.5110  5.00  0.5    ee54b  mag  801
 2  6  -37.5830  157.1430  5.00  0.3    ee47a  mag  833
 2  6  -38.0580  157.5570  5.00  0.6    eel39  mag  833
 2  6  -38.1330  157.6470  5.00  0.3    ee47a  mag  833
 1  7  -40.8970  155.4150  5.00  0.4 west12mv  mag  801
 1  7  -40.1930  154.7200  5.00  0.3 cook60_3  mag  801
 1  7  -40.1510  154.7980  5.00  0.6 cook60_0  mag  801
 1  7  -40.3960  154.8660  5.00  1.0 cook60_3  mag  801
 1  7  -40.9700  155.4830  5.00  0.4    v3215  mag  801
 1  7  -40.5040  154.9440  5.00  0.2    eel34  mag  801
 1  7  -40.5170  154.9560  5.00  0.3    eel39  mag  801
 1  7  -40.6150  155.0630  5.00  1.1    kh68c  mag  801
 1  7  -40.9640  155.4600  5.00  0.7 cook60_3  mag  801
 1  7  -40.9950  155.5020  5.00  0.4 cook60_0  mag  801
32  7  -38.7690  158.3550  5.00  0.6    eel34  mag  833 outlayer
 2  7  -39.5830  158.8700  5.00  0.3 west12mv  mag  833
 2  7  -40.2670  159.5600  5.00  1.0    v3215  mag  833
 1  8  -42.9310  155.5840  5.00  0.1    msn05  mag  801
 1  8  -43.0840  155.8210  5.00  0.6    eel53  mag  801
 1  8  -43.1430  155.8530  5.00  0.8    ee40a  mag  801
 1  8  -43.2480  155.9350  5.00  0.3    at941  mag  801
 1  8  -43.4340  156.0750  5.00  0.2    eel53  mag  801
 2  8  -41.6080  159.4250  5.00  0.0    at941  mag  833
 2  8  -40.7920  159.0310  5.00  1.6 cook60_0  mag  833    
 1  9  -45.1760  154.1130  5.00  0.3    c0906  mag  801
 2  9  -43.4830  158.1240  5.00  0.8    eel53  mag  833
 2  9  -43.5600  158.1370  5.00  0.0    eel53  mag  833
31 11  -45.7530  155.0350  5.00  0.8    eel36  mag  801 bad nav
 1 10  -46.7170  155.0780  5.00  0.6    eel36  mag  801
 2 10  -43.9140  158.1920  5.00  0.5    eel53  mag  833
 2 10  -44.3530  158.6560  5.00  0.5    c0906  mag  833
 2 10  -44.5190  158.7940  5.00  0.7    ee40a  mag  833
31 12  -44.8310  154.1640  5.00  0.4    eel53  mag  801 bad nav
 1 11  -47.9130  155.4540  5.00  0.3   ew9513  mag  801
 2 11  -46.3920  159.7430  5.00  0.4   ew9513  mag  833
 2 11  -46.4980  159.9200  5.00  0.8    eel34  mag  833
 1 12  -42.7190  155.4670  5.00  0.0   geosat  fzS    0
 1 12  -42.5630  155.7480  5.00  0.0   geosat  fzS    0
 1 12  -42.3820  156.1100  5.00  0.0   geosat  fzS    0
 2 12  -40.6080  158.9020  5.00  0.0   geosat  fzS    0
 2 12  -40.4200  159.2520  5.00  0.0   geosat  fzS    0
 2 12  -40.3130  159.4510  5.00  0.0   geosat  fzS    0
