32  1  -28.4860  156.5380  5.00  0.8    bmr12  mag  833 nc
32  1  -28.4970  156.5050  5.00  1.1    bmr15  mag  833 nc
 1  1  -31.1650  154.3990  5.00  0.7    bmr15  mag  801
 1  1  -31.1800  154.3650  5.00  0.6    bmr12  mag  801
 2  1  -29.1650  156.6940  5.00  0.4    bmr12  mag  833
 2  1  -28.8310  156.7300  5.00  0.5    bmr12  mag  833
 1  2  -33.1840  153.4990  5.00  0.6    bmr12  mag  801
 2  2  -31.1670  155.9210  5.00  0.6    bmr12  mag  833
 2  2  -31.2350  155.9370  5.00  0.6    bmr15  mag  833
31  1  -31.5070  154.4890  5.00  0.6    bmr12  mag  801 nc
31  1  -31.8310  154.6600  5.00  0.9    bmr12  mag  801 nc
 1  3  -33.3570  153.2650  5.00  1.5    um670  mag  801
 1  3  -33.6160  153.4540  5.00  0.7   agso52  mag  801
 2  3  -31.8330  156.1190  5.00  0.9    bmr12  mag  833
31  1  -31.8450  154.6110  5.00  0.5    bmr15  mag  801 nc
31  1  -31.8530  154.5350  5.00  0.5    um670  mag  801 nc
 1  4  -34.6880  152.6540  5.00  0.2    ee47a  mag  801
 2  4  -32.9860  155.4880  5.00  0.6    bmr13  mag  833
 2  4  -33.1360  155.5080  5.00  1.7    kh68c  mag  833
 1  5  -35.3660  152.5740  5.00  0.4   agso68  mag  801
 1  5  -35.4980  152.5770  5.00  0.1   agso68  mag  801
 1  5  -35.6700  152.6960  5.00  0.8    ee47a  mag  801
 1  5  -35.7790  152.7400  5.00  0.3    bmr15  mag  801
 2  5  -33.8260  155.6510  5.00  0.3    bmr46  mag  833
 2  5  -33.9050  155.6840  5.00  0.6    ee47a  mag  833
 2  5  -34.1280  155.8470  5.00  0.3    bmr46  mag  833
31  1  -34.3360  152.7720  5.00  0.6      801  mag  801 on fz
 1  6  -36.7040  153.3410  5.00  0.4    ee47a  mag  801
 1  6  -36.7590  153.4280  5.00  0.6    eel48  mag  801
 1  6  -36.9830  153.5270  5.00  1.3    bmr14  mag  801
 2  6  -34.6050  156.2950  5.00  0.8    kh68c  mag  833
 2  6  -34.7040  156.1570  5.00  1.5    ee47a  mag  833
 1  7  -37.5250  153.8490  5.00  1.0    ee47a  mag  801
 2  7  -35.4020  156.9200  5.00  0.8    bmr14  mag  833
 2  7  -35.7490  157.0450  5.00  0.4    ee47a  mag  833
 1  8  -39.6520  153.9940  5.00  0.3    bmr15  mag  801
 1  8  -39.7950  154.1160  5.00  0.6    ee54b  mag  801
 1  8  -40.2600  154.4400  5.00  0.7 cook60_3  mag  801
 2  8  -37.5890  157.4900  5.00  0.3    ee47a  mag  833
 2  8  -37.9070  157.6660  5.00  0.4    eel39  mag  833
 2  8  -38.1420  157.8120  5.00  0.3    ee47a  mag  833
 1  9  -40.4770  154.7220  5.00  2.0 cook60_0  mag  801
 1  9  -40.5960  154.7400  5.00  0.6    eel34  mag  801
 1  9  -40.6670  154.7840  5.00  0.5    eel39  mag  801
 1  9  -40.9310  155.0710  5.00  0.8    kh68c  mag  801
 1  9  -40.9600  155.0950  5.00  0.2    v3215  mag  801
31  9  -40.6900  154.5610  5.00  2.4 cook60_0  mag  801 outlayer
 1  9  -40.9830  155.1760  5.00  0.7 west12mv  mag  801
 1  9  -41.0070  155.0850  5.00  0.3 cook60_3  mag  801
 2  9  -38.7150  158.5130  5.00  0.2    eel34  mag  833
 2  9  -39.1140  158.7840  5.00  0.6    v1812  mag  833
 2  9  -39.4640  159.1400  5.00  0.4 west12mv  mag  833
32  8  -40.2150  159.7270  5.00  0.6    v3215  mag  833 on fz 
31  1  -38.9260  153.8980  5.00  0.3    v1812  mag  801 nc
 1 10  -42.9460  155.3390  5.00  0.6    msn05  mag  801
 1 10  -43.1450  155.4710  5.00  1.0    eel53  mag  801
 1 10  -43.3680  155.6780  5.00  0.5    at941  mag  801
 1 10  -43.4750  155.8050  5.00  0.6    eel53  mag  801
 1 10  -43.6850  155.9350  5.00  0.8    eel53  mag  801
 2 10  -41.4870  159.6820  5.00  0.6    at941  mag  833
 1 11  -45.0560  153.9580  5.00  0.2    eel53  mag  801
 1 11  -45.1410  153.9800  5.00  0.6    c0906  mag  801
 2 11  -43.1160  158.2470  5.00  0.6    eel53  mag  833
 2 11  -43.3840  158.3480  5.00  0.1    eel53  mag  833
 2 11  -43.4440  158.4100  5.00  0.3    eel53  mag  833
 1 12  -47.0530  155.0540  5.00  0.4    eel36  mag  801
 2 12  -44.1120  158.8990  5.00  0.5    c0906  mag  833
 2 12  -44.8750  159.5580  5.00  0.8    ee40a  mag  833
 2 12  -43.8390  158.5790  5.00  0.4    eel53  mag  833
 1 13  -48.0150  155.1630  5.00  0.3   ew9513  mag  801
 2 13  -46.1910  159.9840  5.00  0.8    eel34  mag  833
 2 13  -46.2820  160.0530  5.00  0.2   ew9513  mag  833
 2 13  -47.1180  161.0860  5.00  0.2    eel53  mag  833
 1 14  -42.8220  155.1750  5.00  0.0   geosat  fzS    0
 1 14  -42.7870  155.3040  5.00  0.0   geosat  fzS    0
 1 14  -42.7670  155.3670  5.00  0.0   geosat  fzS    0
 1 14  -42.7570  155.4080  5.00  0.0   geosat  fzS    0
 2 14  -40.2510  159.5210  5.00  0.0   geosat  fzS    0
 2 14  -40.1970  159.6140  5.00  0.0   geosat  fzS    0
 2 14  -40.1720  159.6880  5.00  0.0   geosat  fzS    0
 2 14  -40.1160  159.7200  5.00  0.0   geosat  fzS    0
      
