 1  1  -31.1260  154.0960  5.00  0.5    bmr15  mag  801
 1  1  -31.1810  154.1260  5.00  0.4    bmr12  mag  801
 1  1  -31.5000  154.1420  5.00  0.6    bmr12  mag  801
 2  1  -28.8380  156.9690  5.00  0.8    bmr12  mag  833
 2  1  -29.1520  156.9840  5.00  1.1    bmr12  mag  833
32  1  -29.7950  156.5380  5.00  0.7    bmr15  mag  833
32  1  -29.8490  156.5530  5.00  0.6    bmr12  mag  833
31  1  -31.8310  154.3800  5.00  0.5    bmr12  mag  801
32  2  -30.1910  156.6750  5.00  0.4    bmr12  mag  833
 1  2  -33.6470  153.1110  5.00  0.6   agso52  mag  801
 2  2  -31.1720  156.2170  5.00  0.3    bmr12  mag  833
 2  2  -31.2020  156.2200  5.00  0.3    bmr15  mag  833
 2  2  -31.5120  156.4550  5.00  0.6    bmr12  mag  833
31  1  -31.8390  154.3330  5.00  0.3    bmr15  mag  801
 1  3  -35.3940  152.1880  5.00  0.5   agso68  mag  801
 1  3  -35.6080  152.2920  5.00  0.4   agso68  mag  801
 1  3  -35.6730  152.3210  5.00  0.2    ee47a  mag  801
32  3  -32.8410  155.6570  5.00  0.2       ??    0    0
 2  3  -33.9080  155.9100  5.00  0.2    ee47a  mag  833
 1  4  -36.1440  152.4970  5.00  0.2    bmr15  mag  801
 1  4  -36.6980  152.9260  5.00  0.7    ee47a  mag  801
 1  4  -36.9080  153.0630  5.00  0.5    eel48  mag  801
 1  4  -37.1120  153.2290  5.00  0.7    bmr14  mag  801
32  4  -34.1970  156.4500  5.00  0.5    bmr46  mag  833
 2  4  -34.1580  156.1300  5.00  0.9    bmr46  mag  833
 2  4  -34.3850  156.3770  5.00  0.5    kh68c  mag  833
31  1  -34.6830  152.3280  5.00  0.5    ee47a  mag  801
 2  4  -34.7030  156.5830  5.00  0.9    ee47a  mag  833
 1  5  -37.5270  153.4560  5.00  1.5    ee47a  mag  801
 2  5  -35.2450  157.0920  5.00  0.2    nz612  mag  833
 2  5  -35.3300  157.1150  5.00  0.5    bmr14  mag  833
 2  5  -35.7250  157.3410  5.00  0.6    ee47a  mag  833
 1  6  -39.6720  153.6270  5.00  0.3    bmr15  mag  801
 1  6  -39.8460  153.7430  5.00  0.8    ee54b  mag  801
 1  6  -40.3810  154.0700  5.00  0.3 cook60_3  mag  801
 1  6  -40.3700  154.0800  5.00  0.7 cook60_3  mag  801
 2  6  -37.5960  157.7670  5.00  0.3    ee47a  mag  833
 2  6  -37.6900  157.8400  5.00  0.5    eel39  mag  833
 1  7  -40.6990  154.3700  5.00  0.5    eel39  mag  801
 1  7  -40.7710  154.3600  5.00  0.4    eel34  mag  801
 2  7  -38.1680  158.2240  5.00  0.3    ee47a  mag  833
 1  8  -41.7600  155.1400  5.00  1.1    kh68c  mag  801
 2  8  -39.3360  159.4330  5.00  0.6 west12mv  mag  833
 2  8  -39.9540  159.9820  5.00  0.8    eel34  mag  833
32  8  -40.1010  160.1040  5.00  0.1    v3215  mag  833
 1  9  -42.9710  154.9100  5.00  0.7    msn05  mag  801
 1  9  -43.2050  155.1270  5.00  0.5    eel53  mag  801
 1  9  -43.5240  155.3390  5.00  0.2    at941  mag  801
 1  9  -43.5440  155.3560  5.00  0.6    eel53  mag  801
 1  9  -43.6560  155.4060  5.00  0.3    eel53  mag  801
 1  9  -43.8440  155.5830  5.00  0.6    eel53  mag  801
32  9  -40.7810  159.5000  5.00  1.6 cook60_0  mag  833
 2  9  -41.3370  160.0040  5.00  0.5    at941  mag  833
 1 10  -45.3750  153.6680  5.00  0.2    eel53  mag  801
 2 10  -43.0460  158.5640  5.00  0.3    eel53  mag  833
 2 10  -43.1400  158.6330  5.00  0.5    eel53  mag  833
 2 10  -43.3920  158.7910  5.00  0.0    eel53  mag  833
 2 10  -43.7660  159.0390  5.00  0.5    eel53  mag  833
 2 10  -43.8620  159.1500  5.00  0.3    c0906  mag  833
32  1  -44.2020  160.0390  5.00  0.3    eel34  mag  833
31  1  -44.9430  153.2670  5.00  0.3    c0906  mag  801
 1 11  -48.1350  154.8180  5.00  0.4   ew9513  mag  801
 2 11  -45.7160  160.0100  5.00  0.5    eel34  mag  833
 2 11  -46.1580  160.4440  5.00  0.2   ew9513  mag  833
 2 11  -46.7670  161.1910  5.00  0.1    eel53  mag  833
31 12  -34.6600  152.2990  5.00  0.0   geosat  fzN    0
31 12  -34.5920  152.4080  5.00  0.0   geosat  fzN    0
32 12  -31.9640  156.3540  5.00  0.0   geosat  fzN    0
32 12  -31.8830  156.4490  5.00  0.0   geosat  fzN    0
32 12  -31.7900  156.5170  5.00  0.0   geosat  fzN    0
 1 12  -42.9590  154.8830  5.00  0.0   geosat  fzS    0
 1 12  -42.9160  154.9880  5.00  0.0   geosat  fzS    0
 1 12  -42.8730  155.0700  5.00  0.0   geosat  fzS    0
 1 12  -42.8660  155.1310  5.00  0.0   geosat  fzS    0
 2 12  -40.0920  159.8030  5.00  0.0   geosat  fzS    0
 2 12  -40.0440  159.8600  5.00  0.0   geosat  fzS    0
 2 12  -40.0050  159.9590  5.00  0.0   geosat  fzS    0
 2 12  -39.9550  160.0000  5.00  0.0   geosat  fzS    0
        
