32  1  -29.7760  156.8560  5.00  0.5    bmr15  mag  833 nc
31  1  -32.1880  153.9780  5.00  0.8    bmr12  mag  801 nc
31  1  -32.4650  154.2340  5.00  0.7    bmr12  mag  801 on fz
 1  1  -35.6670  152.0420  5.00  0.4    ee47a  mag  801
 1  1  -35.6950  152.0600  5.00  0.1   agso68  mag  801
 2  1  -33.9200  156.1800  5.00  0.8    ee47a  mag  833
 1  2  -36.4200  152.3520  5.00  0.3    bmr15  mag  801
 1  2  -36.7010  152.5610  5.00  0.4    ee47a  mag  801
 2  2  -34.1060  156.4610  5.00  0.3    kh68c  mag  833
 2  2  -34.2140  156.7110  5.00  0.3    bmr46  mag  833
 1  3  -37.0040  152.7520  5.00  0.3    eel48  mag  801
 1  3  -37.2330  152.9190  5.00  0.2    bmr14  mag  801
 2  3  -34.7010  157.1530  5.00  0.7    ee47a  mag  833
 1  4  -37.5310  152.9130  5.00  0.5    ee47a  mag  801
 2  4  -35.2230  157.4200  5.00  0.7    bmr14  mag  833
 2  4  -35.2320  157.4150  5.00  0.2    nz612  mag  833
31  1  -34.1720  152.6290  5.00  1.5    um670  mag  801 nc
31  1  -34.2110  152.8420  5.00  0.4    bmr46  mag  801 nc
31  1  -34.6900  152.1300  5.00  0.5    ee47a  mag  801 nc
31  1  -34.8980  152.0690  5.00  0.5    um670  mag  801 nc
31  5  -38.9600  152.8410  5.00  0.6    v1812  mag  801 bad nav
 1  5  -39.8900  153.4990  5.00  0.6    ee54b  mag  801
 2  5  -37.5090  158.0810  5.00  0.6    eel39  mag  833
 2  5  -37.6150  158.2060  5.00  0.3    ee47a  mag  833
31  6  -40.8630  153.6470  5.00  1.4    v3215  mag  801 on fz
 1  6  -40.9440  154.0000  5.00  0.6    eel34  mag  801
 1  6  -41.0220  154.1390  5.00  0.6    eel39  mag  801
 1  6  -41.1580  154.1200  5.00  0.3 cook61_0  mag  801
 2  6  -38.1970  158.6770  5.00  0.6    ee47a  mag  833
 2  6  -38.5570  158.9380  5.00  0.4    eel34  mag  833
 1  7  -42.3640  155.1380  5.00  1.1    kh68c  mag  801
 2  7  -39.1160  159.5900  5.00  1.2    v1812  mag  833
 2  7  -39.2140  159.7220  5.00  0.4 west12mv  mag  833
 2  7  -39.5420  159.9920  5.00  1.8    eel34  mag  833
 1  8  -43.4250  154.7990  5.00  1.2    eel53  mag  801
 1  8  -43.6820  154.9980  5.00  1.0    eel53  mag  801
 1  8  -43.6860  154.9860  5.00  0.5    at941  mag  801
 2  8  -40.7750  159.9740  5.00  1.2 cook60_0  mag  833
 2  8  -41.1720  160.3430  5.00  0.3    at941  mag  833
31  1  -42.8410  155.2430  5.00  0.8    ee40a  mag  801 on fz
 1  9  -45.6700  153.3950  5.00  0.5    eel53  mag  801
 2  9  -42.5570  158.6810  5.00  0.5    eel53  mag  833
 2  9  -42.9450  158.9920  5.00  0.0    eel53  mag  833
 2  9  -43.2700  159.2360  5.00  0.5    eel53  mag  833
 2  9  -43.3240  159.2630  5.00  0.6    eel53  mag  833
 2  9  -43.5800  159.4240  5.00  0.6    c0906  mag  833
32  1  -43.8200  160.0330  5.00  0.3    eel34  mag  833 nc
 1 10  -48.3350  154.2990  5.00  0.6   ew9513  mag  801
32 10  -45.3850  160.5660  5.00  1.1    ee40a  mag  833
 2 10  -45.9990  160.9340  5.00  0.0   ew9513  mag  833
 2 10  -46.3380  161.3110  5.00  0.5    eel53  mag  833
32 10  -46.6390  161.9830  5.00  1.8    eel16  mag  833 hard to int
 1 11  -43.0710  154.6030  5.00  0.0   geosat  fzS    0
 1 11  -43.0360  154.6960  5.00  0.0   geosat  fzS    0
 1 11  -43.0020  154.7900  5.00  0.0   geosat  fzS    0
 2 11  -39.9010  160.0930  5.00  0.0   geosat  fzS    0
 2 11  -39.8680  160.1410  5.00  0.0   geosat  fzS    0
 2 11  -39.8830  160.1210  5.00  0.0   geosat  fzS    0
 2 11  -39.8290  160.1870  5.00  0.0   geosat  fzS    0
