32  1  -31.1680  156.7250  5.00  0.6    bmr12  mag  833 nc
31  1  -32.4320  153.8410  5.00  0.6    bmr15  mag  801 nc
32  1  -32.4560  155.8520  5.00  0.5    bmr12  mag  833 nc
31  1  -32.5010  153.9140  5.00  0.4    bmr12  mag  801 nc
 1  1  -35.9050  151.5250  5.00  0.2   agso68  mag  801
 1  1  -36.7130  152.1070  5.00  0.7    ee47a  mag  801
 1  1  -36.7690  152.1200  5.00  0.6    bmr15  mag  801
 1  1  -37.0700  152.4400  5.00  1.0    eel48  mag  801
 2  1  -33.7330  156.5650  5.00  0.0    kh68c  mag  833
 2  1  -33.9500  156.7120  5.00  0.2    ee47a  mag  833
31  1  -34.1940  152.4470  5.00  0.3    bmr46  mag  801 nc
 2  1  -34.2170  157.0230  5.00  0.3    bmr46  mag  833
 1  2  -37.3930  152.5100  5.00  0.2    bmr14  mag  801
 1  2  -37.5430  152.5080  5.00  1.0    ee47a  mag  801
 2  2  -34.7000  157.4650  5.00  0.9    ee47a  mag  833
 2  2  -35.1030  157.7280  5.00  0.3    bmr14  mag  833
 2  2  -35.2170  157.7590  5.00  0.2    nz612  mag  833
 1  3  -39.7020  152.8930  5.00  0.5    bmr15  mag  801
 1  3  -39.9810  152.8720  5.00  0.6    ee54b  mag  801
 2  3  -36.7390  157.8050  5.00  0.2    ee47a  mag  833
 1  4  -40.8070  153.1540  5.00  1.0    v3215  mag  801
 1  4  -41.1180  153.6280  5.00  0.4    eel34  mag  801
 1  4  -41.2230  153.6520  5.00  0.2 cook61_0  mag  801
 1  4  -41.4610  153.8330  5.00  0.6    eel39  mag  801
 2  4  -38.2050  159.1180  5.00  0.0    ee47a  mag  833
 2  4  -38.4720  159.3970  5.00  0.6    eel34  mag  833
 2  4  -37.3640  158.3330  5.00  0.5    eel39  mag  833
 2  4  -37.6260  158.4840  5.00  0.3    ee47a  mag  833
 1  5  -42.4110  154.5120  5.00  1.3    ee40a  mag  801
 2  5  -38.8020  159.9910  5.00  1.3    eel34  mag  833
 2  5  -39.0420  160.1070  5.00  0.4 west12mv  mag  833
 2  5  -39.1280  160.3010  5.00  1.2    v1812  mag  833
 1  6  -43.9100  154.1880  5.00  0.5    at941  mag  801
 1  6  -43.9520  154.2060  5.00  0.3    eel53  mag  801
 1  6  -43.9960  154.1730  5.00  0.6    eel36  mag  801
 1  6  -44.0800  154.2430  5.00  0.8    eel53  mag  801
 2  6  -40.7950  160.4780  5.00  0.9 cook60_0  mag  833
 2  6  -41.0470  160.6020  5.00  1.2    at941  mag  833
 1  7  -46.1610  152.9240  5.00  0.6    eel53  mag  801
 2  7  -42.7070  159.2940  5.00  0.1    msn05  mag  833
 2  7  -42.8460  159.4150  5.00  0.8    eel53  mag  833
 2  7  -43.0500  159.6330  5.00  0.6    eel53  mag  833
 1  8  -47.7390  153.8140  5.00  0.6   ew9513  mag  801
 2  8  -43.1320  159.8460  5.00  0.5    c0906  mag  833
 2  8  -43.1480  159.9030  5.00  0.5    eel53  mag  833
 2  8  -43.2810  160.0240  5.00  0.8    eel34  mag  833
32  1  -45.6050  161.4800  5.00  0.5    eel53  mag  833 nc
32  1  -45.7840  161.5990  5.00  0.6   ew9513  mag  833 nc
32  1  -45.9810  161.9500  5.00  0.3    eel16  mag  833 nc
32  1  -46.0520  161.9610  5.00  0.7    ee40a  mag  833 nc
 1  9  -43.3020  153.8670  5.00  0.0   geosat  fzS    0
 1  9  -43.2670  153.9950  5.00  0.0   geosat  fzS    0
 1  9  -43.2330  154.1360  5.00  0.0   geosat  fzS    0
 1  9  -43.1910  154.2870  5.00  0.0   geosat  fzS    0
 1  9  -43.1310  154.4630  5.00  0.0   geosat  fzS    0
 2  9  -39.7470  160.3040  5.00  0.0   geosat  fzS    0
 2  9  -39.6750  160.3970  5.00  0.0   geosat  fzS    0
 2  9  -39.6120  160.5140  5.00  0.0   geosat  fzS    0
 2  9  -39.5580  160.5960  5.00  0.0   geosat  fzS    0
