31  1  -35.7380  151.1240  5.00  2.0    ee47a  mag  801 outlayer
 1  1  -36.7090  151.6620  5.00  0.9    ee47a  mag  801
 1  1  -37.1140  151.7690  5.00  0.1    bmr15  mag  801
 1  1  -37.2250  151.8250  5.00  0.3    eel48  mag  801
 2  1  -33.7190  157.0000  5.00  2.0    bmr46  mag  833
 2  1  -33.9950  157.3780  5.00  0.2    ee47a  mag  833
 1  2  -37.5680  151.9080  5.00  1.0    ee47a  mag  801
 1  2  -37.6500  152.0190  5.00  0.3    bmr14  mag  801
 2  2  -34.2260  157.6270  5.00  0.7    bmr46  mag  833
 1  3  -38.0980  152.2500  5.00  0.3    ee47a  mag  801
 2  3  -35.7080  158.3140  5.00  0.0    ee47a  mag  833
 2  3  -34.8640  158.1870  5.00  0.3    bmr14  mag  833
 2  3  -35.2440  158.3790  5.00  0.0    nz612  mag  833
 1  4  -39.6720  151.9130  5.00  0.7    bmr15  mag  801
 1  4  -40.0920  152.0560  5.00  0.3    ee54b  mag  801
 1  4  -40.7020  152.3350  5.00  0.6    v3215  mag  801
 2  4  -36.7250  158.5850  5.00  0.0    ee47a  mag  833
 2  4  -37.1250  158.8040  5.00  0.0    eel39  mag  833
 1  5  -41.4000  152.7740  5.00  0.1 cook61_0  mag  801
 1  5  -41.4740  152.8300  5.00  0.4    eel34  mag  801
 1  5  -41.5450  152.8090  5.00  0.3    ee40a  mag  801
 1  5  -41.7600  153.0140  5.00  0.6 west12mv  mag  801
 1  5  -42.1180  153.3910  5.00  0.3    eel39  mag  801
 1  5  -43.0230  153.9960  5.00  0.4    msn05  mag  801
 2  5  -38.2420  160.1930  5.00  0.6    ee47a  mag  833
 2  5  -38.7690  160.7650  5.00  0.4 west12mv  mag  833
31  1  -39.0320  152.1450  5.00  0.9    v1812  mag  801 bad nav?
 1  6  -43.9100  153.3470  5.00  1.0    at941  mag  801
 1  6  -43.9938  153.3792  5.00  0.6    eel36  mag  801
 2  6  -40.7480  161.2210  5.00  0.8    at941  mag  833
 2  6  -39.8590  160.8990  5.00  0.3    v3215  mag  833
 1  7  -47.8400  153.5620  5.00  0.6   ew9513  mag  801
 2  7  -42.1980  160.7140  5.00  0.6    c0906  mag  833
 2  7  -42.4050  160.9760  5.00  0.6    msn05  mag  833
32  7  -42.9780  161.1410  5.00  0.0    eel53  mag  833
32  1  -45.4500  163.9770  5.00  0.4    eel34  mag  833 ? hard to int
32  1  -45.5930  162.1870  5.00  0.6   ew9513  mag  833 ?
 1  8  -43.4550  153.2360  5.00  0.0   geosat  fzS    0
 1  8  -43.3870  153.4810  5.00  0.0   geosat  fzS    0
 1  8  -43.3360  153.6680  5.00  0.0   geosat  fzS    0
 1  8  -43.3190  153.7620  5.00  0.0   geosat  fzS    0
 2  8  -39.4850  160.7010  5.00  0.0   geosat  fzS    0
 2  8  -39.3590  160.8640  5.00  0.0   geosat  fzS    0
 2  8  -39.2860  160.9810  5.00  0.0   geosat  fzS    0
 2  8  -39.2220  161.1100  5.00  0.0   geosat  fzS    0
