 1  1  -37.4020  151.4240  5.00  0.8    eel48  mag  801
 1  1  -37.8860  151.5290  5.00  0.5    bmr14  mag  801
 1  1  -38.1820  151.5280  5.00  0.3    ee47a  mag  801
 2  1  -34.0070  158.1650  5.00  0.6    ee47a  mag  833
 2  1  -34.2220  158.1850  5.00  0.7    bmr46  mag  833
 1  2  -39.0760  151.4510  5.00  0.9    v1812  mag  801
 2  2  -34.6160  158.6440  5.00  0.3    ee47a  mag  833
 2  2  -34.6230  158.6760  5.00  0.6    bmr14  mag  833
 2  2  -35.2580  158.7310  5.00  0.1    nz612  mag  833
 1  3  -39.6620  151.3070  5.00  0.9    bmr15  mag  801
 2  3  -35.7260  158.6910  5.00  0.4    ee47a  mag  833
 2  3  -36.1140  158.9170  5.00  0.5 cook55_1  mag  833
 1  4  -40.2100  151.2090  5.00  0.3    ee54b  mag  801
 1  4  -40.6630  151.2480  5.00  0.2    v3215  mag  801
 2  4  -36.7140  158.9800  5.00  2.1    ee47a  mag  833
 2  4  -37.0020  159.0530  5.00  0.4    eel39  mag  833
31  4  -41.6090  151.8130  5.00  1.0 cook61_0  mag  801 bad nav
 1  5  -41.7260  152.2770  5.00  1.4    eel34  mag  801
 1  5  -41.9490  152.3840  5.00  0.2 west12mv  mag  801
 2  5  -37.5910  159.7210  5.00  1.3    ee47a  mag  833
 1  6  -42.4020  153.0230  5.00  0.7    eel39  mag  801
 1  6  -43.0610  153.3140  5.00  0.6    msn05  mag  801
 2  6  -38.2380  161.0760  5.00  1.2    ee47a  mag  833
 2  6  -38.5300  161.3270  5.00  0.3 west12mv  mag  833
 1  7  -43.9090  152.7650  5.00  0.3    at941  mag  801
 1  7  -43.9720  152.7640  5.00  0.6    eel36  mag  801
 1  7  -44.7530  152.7370  5.00  0.2    c0906  mag  801
 2  7  -39.6790  161.4930  5.00  0.0    v3215  mag  833
 2  7  -40.1550  161.6620  5.00  0.3    eel26  mag  833
 2  7  -40.4630  161.8110  5.00  0.3    at941  mag  833
 1  8  -48.1580  152.7710  5.00  0.6   ew9513  mag  801
32  8  -42.2510  161.8240  5.00  0.1    msn05  mag  833 nc
32  8  -43.5430  162.6700  5.00  0.8   ew9513  mag  833 nc
 2  8  -45.0620  164.3060  5.00  0.3    eel34  mag  833
 2  8  -44.9600  164.0880  5.00  0.6   ew9513  mag  833
32  8  -43.9830  162.5770  5.00  1.0    eel16  mag  833 nc
 1  9  -43.5910  152.6290  5.00  0.0   geosat  fzS  801
 1  9  -43.5570  152.7570  5.00  0.0   geosat  fzS  801
 1  9  -43.5400  152.8620  5.00  0.0   geosat  fzS  801
 1  9  -43.5140  152.9910  5.00  0.0   geosat  fzS  801
 1  9  -43.4890  153.1070  5.00  0.0   geosat  fzS  801
 2  9  -39.1410  161.2970  5.00  0.0   geosat  fzS  833
 2  9  -39.0770  161.3900  5.00  0.0   geosat  fzS  833
 2  9  -38.9950  161.4840  5.00  0.0   geosat  fzS  833
 2  9  -38.9220  161.6360  5.00  0.0   geosat  fzS  833
       
