 307   1
   0.46245773E+02 -0.93104830E+01
   0.46262997E+02 -0.92852306E+01
   0.46269630E+02 -0.92532749E+01
   0.46268948E+02 -0.92210236E+01
   0.46264229E+02 -0.91897688E+01
   0.46257065E+02 -0.91594639E+01
   0.46248249E+02 -0.91299381E+01
   0.46238239E+02 -0.91010456E+01
   0.46227303E+02 -0.90726776E+01
   0.46215633E+02 -0.90447483E+01
   0.46203362E+02 -0.90171995E+01
   0.46190594E+02 -0.89899788E+01
   0.46177380E+02 -0.89630508E+01
   0.46163795E+02 -0.89363823E+01
   0.46149879E+02 -0.89099464E+01
   0.46135670E+02 -0.88837242E+01
   0.46121189E+02 -0.88576984E+01
   0.46106480E+02 -0.88318510E+01
   0.46091545E+02 -0.88061705E+01
   0.46076408E+02 -0.87806473E+01
   0.46061085E+02 -0.87552662E+01
   0.46045601E+02 -0.87300262E+01
   0.46029953E+02 -0.87049141E+01
   0.46014153E+02 -0.86799240E+01
   0.45998219E+02 -0.86550522E+01
   0.45982155E+02 -0.86302919E+01
   0.45965965E+02 -0.86056376E+01
   0.45949661E+02 -0.85810862E+01
   0.45933247E+02 -0.85566330E+01
   0.45916729E+02 -0.85322762E+01
   0.45900120E+02 -0.85080090E+01
   0.45883404E+02 -0.84838305E+01
   0.45866600E+02 -0.84597387E+01
   0.45849716E+02 -0.84357319E+01
   0.45832741E+02 -0.84118061E+01
   0.45815704E+02 -0.83879595E+01
   0.45798584E+02 -0.83641920E+01
   0.45781387E+02 -0.83405008E+01
   0.45764126E+02 -0.83168840E+01
   0.45746796E+02 -0.82933397E+01
   0.45729404E+02 -0.82698669E+01
   0.45711952E+02 -0.82464676E+01
   0.45694439E+02 -0.82231379E+01
   0.45676868E+02 -0.81998768E+01
   0.45659241E+02 -0.81766844E+01
   0.45641563E+02 -0.81535597E+01
   0.45623837E+02 -0.81305008E+01
   0.45606056E+02 -0.81075096E+01
   0.45588234E+02 -0.80845852E+01
   0.45570362E+02 -0.80617247E+01
   0.45552448E+02 -0.80389280E+01
   0.45534492E+02 -0.80161982E+01
   0.45516487E+02 -0.79935336E+01
   0.45498447E+02 -0.79709306E+01
   0.45480370E+02 -0.79483919E+01
   0.45462246E+02 -0.79259157E+01
   0.45444103E+02 -0.79035039E+01
   0.45425911E+02 -0.78811536E+01
   0.45407688E+02 -0.78588634E+01
   0.45389431E+02 -0.78366346E+01
   0.45371136E+02 -0.78144636E+01
   0.45352806E+02 -0.77923517E+01
   0.45334446E+02 -0.77702942E+01
   0.45316040E+02 -0.77482920E+01
   0.45297604E+02 -0.77263389E+01
   0.45279125E+02 -0.77044320E+01
   0.45260593E+02 -0.76825652E+01
   0.45242020E+02 -0.76607351E+01
   0.45223389E+02 -0.76389313E+01
   0.45204693E+02 -0.76171451E+01
   0.45185928E+02 -0.75953650E+01
   0.45167072E+02 -0.75735803E+01
   0.45148113E+02 -0.75517740E+01
   0.45129055E+02 -0.75299287E+01
   0.45109867E+02 -0.75080333E+01
   0.45090534E+02 -0.74860654E+01
   0.45071045E+02 -0.74640121E+01
   0.45051384E+02 -0.74418612E+01
   0.45031548E+02 -0.74196053E+01
   0.45011524E+02 -0.73972416E+01
   0.44991325E+02 -0.73747730E+01
   0.44970955E+02 -0.73522110E+01
   0.44950417E+02 -0.73295703E+01
   0.44929745E+02 -0.73068705E+01
   0.44908932E+02 -0.72841301E+01
   0.44888012E+02 -0.72613688E+01
   0.44866997E+02 -0.72386069E+01
   0.44845890E+02 -0.72158589E+01
   0.44824726E+02 -0.71931405E+01
   0.44803505E+02 -0.71704621E+01
   0.44782223E+02 -0.71478348E+01
   0.44760895E+02 -0.71252637E+01
   0.44739532E+02 -0.71027560E+01
   0.44718132E+02 -0.70803165E+01
   0.44696693E+02 -0.70579476E+01
   0.44675232E+02 -0.70356512E+01
   0.44653728E+02 -0.70134301E+01
   0.44632191E+02 -0.69912848E+01
   0.44610626E+02 -0.69692163E+01
   0.44589031E+02 -0.69472270E+01
   0.44567398E+02 -0.69253130E+01
   0.44545731E+02 -0.69034796E+01
   0.44524036E+02 -0.68817248E+01
   0.44502304E+02 -0.68600492E+01
   0.44480534E+02 -0.68384542E+01
   0.44458717E+02 -0.68169398E+01
   0.44436871E+02 -0.67955060E+01
   0.44414982E+02 -0.67741537E+01
   0.44393047E+02 -0.67528839E+01
   0.44371075E+02 -0.67316971E+01
   0.44349049E+02 -0.67105947E+01
   0.44326977E+02 -0.66895771E+01
   0.44304863E+02 -0.66686473E+01
   0.44282692E+02 -0.66478066E+01
   0.44260471E+02 -0.66270542E+01
   0.44238201E+02 -0.66063948E+01
   0.44215866E+02 -0.65858283E+01
   0.44193478E+02 -0.65653586E+01
   0.44171028E+02 -0.65449882E+01
   0.44148525E+02 -0.65247192E+01
   0.44125946E+02 -0.65045543E+01
   0.44103302E+02 -0.64844971E+01
   0.44080589E+02 -0.64645514E+01
   0.44057816E+02 -0.64447227E+01
   0.44034954E+02 -0.64250135E+01
   0.44012020E+02 -0.64054303E+01
   0.43989002E+02 -0.63859792E+01
   0.43965900E+02 -0.63666644E+01
   0.43942703E+02 -0.63474951E+01
   0.43919418E+02 -0.63284774E+01
   0.43896038E+02 -0.63096199E+01
   0.43872547E+02 -0.62909346E+01
   0.43848953E+02 -0.62724309E+01
   0.43825241E+02 -0.62541218E+01
   0.43801414E+02 -0.62360215E+01
   0.43777454E+02 -0.62181463E+01
   0.43753357E+02 -0.62005186E+01
   0.43729122E+02 -0.61831570E+01
   0.43704723E+02 -0.61660905E+01
   0.43680153E+02 -0.61493483E+01
   0.43655411E+02 -0.61329713E+01
   0.43630470E+02 -0.61170044E+01
   0.43605316E+02 -0.61015038E+01
   0.43579937E+02 -0.60865436E+01
   0.43554291E+02 -0.60722141E+01
   0.43528381E+02 -0.60586386E+01
   0.43502163E+02 -0.60459776E+01
   0.43475609E+02 -0.60344634E+01
   0.43448708E+02 -0.60244288E+01
   0.43421444E+02 -0.60163822E+01
   0.43393890E+02 -0.60111508E+01
   0.43366306E+02 -0.60101633E+01
   0.43339607E+02 -0.60159721E+01
   0.43316521E+02 -0.60324874E+01
   0.43302273E+02 -0.60606489E+01
   0.43298065E+02 -0.60930414E+01
   0.43299950E+02 -0.61250372E+01
   0.43305252E+02 -0.61560354E+01
   0.43312710E+02 -0.61861529E+01
   0.43321659E+02 -0.62155557E+01
   0.43331715E+02 -0.62443719E+01
   0.43342628E+02 -0.62727013E+01
   0.43354237E+02 -0.63006158E+01
   0.43366417E+02 -0.63281717E+01
   0.43379082E+02 -0.63554153E+01
   0.43392166E+02 -0.63823805E+01
   0.43405621E+02 -0.64090958E+01
   0.43419395E+02 -0.64355860E+01
   0.43433464E+02 -0.64618702E+01
   0.43447792E+02 -0.64879651E+01
   0.43462353E+02 -0.65138845E+01
   0.43477135E+02 -0.65396414E+01
   0.43492107E+02 -0.65652442E+01
   0.43507282E+02 -0.65907049E+01
   0.43522610E+02 -0.66160312E+01
   0.43538105E+02 -0.66412292E+01
   0.43553749E+02 -0.66663041E+01
   0.43569534E+02 -0.66912656E+01
   0.43585445E+02 -0.67161145E+01
   0.43601482E+02 -0.67408576E+01
   0.43617641E+02 -0.67654972E+01
   0.43633907E+02 -0.67900386E+01
   0.43650280E+02 -0.68144851E+01
   0.43666763E+02 -0.68388395E+01
   0.43683331E+02 -0.68631048E+01
   0.43699993E+02 -0.68872819E+01
   0.43716747E+02 -0.69113755E+01
   0.43733585E+02 -0.69353848E+01
   0.43750504E+02 -0.69593148E+01
   0.43767498E+02 -0.69831648E+01
   0.43784569E+02 -0.70069380E+01
   0.43801704E+02 -0.70306334E+01
   0.43818924E+02 -0.70542555E+01
   0.43836201E+02 -0.70778036E+01
   0.43853535E+02 -0.71012783E+01
   0.43870941E+02 -0.71246819E+01
   0.43888401E+02 -0.71480136E+01
   0.43905922E+02 -0.71712761E+01
   0.43923500E+02 -0.71944675E+01
   0.43941132E+02 -0.72175922E+01
   0.43958809E+02 -0.72406468E+01
   0.43976547E+02 -0.72636347E+01
   0.43994324E+02 -0.72865543E+01
   0.44012154E+02 -0.73094058E+01
   0.44030029E+02 -0.73321915E+01
   0.44047951E+02 -0.73549109E+01
   0.44065910E+02 -0.73775644E+01
   0.44083912E+02 -0.74001522E+01
   0.44101952E+02 -0.74226737E+01
   0.44120045E+02 -0.74451313E+01
   0.44138165E+02 -0.74675250E+01
   0.44156319E+02 -0.74898548E+01
   0.44174519E+02 -0.75121231E+01
   0.44192753E+02 -0.75343294E+01
   0.44211029E+02 -0.75564756E+01
   0.44229340E+02 -0.75785656E+01
   0.44247700E+02 -0.76006007E+01
   0.44266098E+02 -0.76225858E+01
   0.44284542E+02 -0.76445217E+01
   0.44303032E+02 -0.76664186E+01
   0.44321579E+02 -0.76882801E+01
   0.44340195E+02 -0.77101145E+01
   0.44358871E+02 -0.77319331E+01
   0.44377632E+02 -0.77537460E+01
   0.44396484E+02 -0.77755685E+01
   0.44415443E+02 -0.77974133E+01
   0.44434517E+02 -0.78193011E+01
   0.44453732E+02 -0.78412433E+01
   0.44473095E+02 -0.78632603E+01
   0.44492626E+02 -0.78853650E+01
   0.44512329E+02 -0.79075685E+01
   0.44532219E+02 -0.79298749E+01
   0.44552296E+02 -0.79522862E+01
   0.44572548E+02 -0.79747958E+01
   0.44592976E+02 -0.79973907E+01
   0.44613560E+02 -0.80200548E+01
   0.44634289E+02 -0.80427675E+01
   0.44655151E+02 -0.80655117E+01
   0.44676113E+02 -0.80882683E+01
   0.44697174E+02 -0.81110144E+01
   0.44718307E+02 -0.81337376E+01
   0.44739521E+02 -0.81564245E+01
   0.44760792E+02 -0.81790628E+01
   0.44782104E+02 -0.82016468E+01
   0.44803478E+02 -0.82241678E+01
   0.44824890E+02 -0.82466211E+01
   0.44846340E+02 -0.82690010E+01
   0.44867821E+02 -0.82913065E+01
   0.44889347E+02 -0.83135357E+01
   0.44910896E+02 -0.83356857E+01
   0.44932499E+02 -0.83577557E+01
   0.44954121E+02 -0.83797455E+01
   0.44975784E+02 -0.84016552E+01
   0.44997482E+02 -0.84234829E+01
   0.45019226E+02 -0.84452286E+01
   0.45041004E+02 -0.84668913E+01
   0.45062817E+02 -0.84884720E+01
   0.45084671E+02 -0.85099678E+01
   0.45106567E+02 -0.85313807E+01
   0.45128513E+02 -0.85527086E+01
   0.45150490E+02 -0.85739536E+01
   0.45172520E+02 -0.85951099E+01
   0.45194595E+02 -0.86161804E+01
   0.45216721E+02 -0.86371632E+01
   0.45238899E+02 -0.86580563E+01
   0.45261124E+02 -0.86788588E+01
   0.45283409E+02 -0.86995697E+01
   0.45305740E+02 -0.87201862E+01
   0.45328133E+02 -0.87407074E+01
   0.45350586E+02 -0.87611294E+01
   0.45373096E+02 -0.87814541E+01
   0.45395672E+02 -0.88016739E+01
   0.45418316E+02 -0.88217869E+01
   0.45441021E+02 -0.88417912E+01
   0.45463799E+02 -0.88616848E+01
   0.45486649E+02 -0.88814611E+01
   0.45509575E+02 -0.89011173E+01
   0.45532574E+02 -0.89206476E+01
   0.45555656E+02 -0.89400482E+01
   0.45578827E+02 -0.89593124E+01
   0.45602085E+02 -0.89784346E+01
   0.45625431E+02 -0.89974060E+01
   0.45648869E+02 -0.90162201E+01
   0.45672417E+02 -0.90348673E+01
   0.45696064E+02 -0.90533381E+01
   0.45719826E+02 -0.90716200E+01
   0.45743702E+02 -0.90897026E+01
   0.45767700E+02 -0.91075678E+01
   0.45791832E+02 -0.91252003E+01
   0.45816097E+02 -0.91425791E+01
   0.45840511E+02 -0.91596823E+01
   0.45865086E+02 -0.91764822E+01
   0.45889828E+02 -0.91929464E+01
   0.45914753E+02 -0.92090359E+01
   0.45939869E+02 -0.92247028E+01
   0.45965199E+02 -0.92398901E+01
   0.45990761E+02 -0.92545195E+01
   0.46016575E+02 -0.92685013E+01
   0.46042667E+02 -0.92817049E+01
   0.46069054E+02 -0.92939625E+01
   0.46095768E+02 -0.93050356E+01
   0.46122822E+02 -0.93145752E+01
   0.46150208E+02 -0.93220453E+01
   0.46177837E+02 -0.93265762E+01
   0.46205399E+02 -0.93266554E+01
   0.46231819E+02 -0.93195982E+01
   0.46245773E+02 -0.93104830E+01
