 310   1
   0.36554787E+02  0.64083271E+01
   0.36576023E+02  0.64233108E+01
   0.36593521E+02  0.64433665E+01
   0.36606941E+02  0.64666657E+01
   0.36616798E+02  0.64916720E+01
   0.36623833E+02  0.65174890E+01
   0.36628666E+02  0.65436597E+01
   0.36631771E+02  0.65699558E+01
   0.36633492E+02  0.65962625E+01
   0.36634071E+02  0.66225200E+01
   0.36633701E+02  0.66486979E+01
   0.36632523E+02  0.66747794E+01
   0.36630650E+02  0.67007585E+01
   0.36628166E+02  0.67266326E+01
   0.36625145E+02  0.67524018E+01
   0.36621643E+02  0.67780676E+01
   0.36617710E+02  0.68036332E+01
   0.36613388E+02  0.68291011E+01
   0.36608707E+02  0.68544745E+01
   0.36603695E+02  0.68797555E+01
   0.36598385E+02  0.69049482E+01
   0.36592793E+02  0.69300551E+01
   0.36586937E+02  0.69550786E+01
   0.36580841E+02  0.69800220E+01
   0.36574512E+02  0.70048866E+01
   0.36567970E+02  0.70296750E+01
   0.36561222E+02  0.70543904E+01
   0.36554283E+02  0.70790319E+01
   0.36547161E+02  0.71036043E+01
   0.36539860E+02  0.71281080E+01
   0.36532398E+02  0.71525435E+01
   0.36524776E+02  0.71769152E+01
   0.36517006E+02  0.72012210E+01
   0.36509087E+02  0.72254639E+01
   0.36501026E+02  0.72496438E+01
   0.36492832E+02  0.72737646E+01
   0.36484505E+02  0.72978239E+01
   0.36476059E+02  0.73218241E+01
   0.36467487E+02  0.73457656E+01
   0.36458801E+02  0.73696508E+01
   0.36450001E+02  0.73934779E+01
   0.36441086E+02  0.74172497E+01
   0.36432072E+02  0.74409657E+01
   0.36422951E+02  0.74646263E+01
   0.36413727E+02  0.74882340E+01
   0.36404408E+02  0.75117865E+01
   0.36394989E+02  0.75352864E+01
   0.36385483E+02  0.75587320E+01
   0.36375881E+02  0.75821261E+01
   0.36366188E+02  0.76054692E+01
   0.36356411E+02  0.76287608E+01
   0.36346546E+02  0.76520014E+01
   0.36336594E+02  0.76751928E+01
   0.36326565E+02  0.76983352E+01
   0.36316452E+02  0.77214270E+01
   0.36306259E+02  0.77444720E+01
   0.36295986E+02  0.77674704E+01
   0.36285637E+02  0.77904229E+01
   0.36275204E+02  0.78133307E+01
   0.36264698E+02  0.78361955E+01
   0.36254112E+02  0.78590193E+01
   0.36243450E+02  0.78818040E+01
   0.36232716E+02  0.79045506E+01
   0.36221901E+02  0.79272642E+01
   0.36211010E+02  0.79499440E+01
   0.36200035E+02  0.79725971E+01
   0.36188980E+02  0.79952254E+01
   0.36177849E+02  0.80178347E+01
   0.36166630E+02  0.80404272E+01
   0.36155323E+02  0.80630093E+01
   0.36143925E+02  0.80855875E+01
   0.36132442E+02  0.81081667E+01
   0.36120853E+02  0.81307535E+01
   0.36109169E+02  0.81533537E+01
   0.36097385E+02  0.81759739E+01
   0.36085495E+02  0.81986170E+01
   0.36073494E+02  0.82212906E+01
   0.36061382E+02  0.82439957E+01
   0.36049156E+02  0.82667360E+01
   0.36036819E+02  0.82895117E+01
   0.36024361E+02  0.83123217E+01
   0.36011791E+02  0.83351641E+01
   0.35999104E+02  0.83580341E+01
   0.35986313E+02  0.83809261E+01
   0.35973404E+02  0.84038353E+01
   0.35960392E+02  0.84267530E+01
   0.35947273E+02  0.84496746E+01
   0.35934063E+02  0.84725895E+01
   0.35920746E+02  0.84954910E+01
   0.35907337E+02  0.85183725E+01
   0.35893841E+02  0.85412273E+01
   0.35880257E+02  0.85640497E+01
   0.35866581E+02  0.85868330E+01
   0.35852825E+02  0.86095743E+01
   0.35838985E+02  0.86322680E+01
   0.35825066E+02  0.86549101E+01
   0.35811066E+02  0.86774969E+01
   0.35796982E+02  0.87000265E+01
   0.35782825E+02  0.87224970E+01
   0.35768585E+02  0.87449036E+01
   0.35754269E+02  0.87672462E+01
   0.35739872E+02  0.87895222E+01
   0.35725395E+02  0.88117294E+01
   0.35710838E+02  0.88338671E+01
   0.35696205E+02  0.88559322E+01
   0.35681484E+02  0.88779249E+01
   0.35666679E+02  0.88998423E+01
   0.35651798E+02  0.89216833E+01
   0.35636826E+02  0.89434471E+01
   0.35621769E+02  0.89651308E+01
   0.35606621E+02  0.89867334E+01
   0.35591389E+02  0.90082531E+01
   0.35576061E+02  0.90296879E+01
   0.35560642E+02  0.90510349E+01
   0.35545128E+02  0.90722923E+01
   0.35529514E+02  0.90934601E+01
   0.35513802E+02  0.91145325E+01
   0.35497990E+02  0.91355076E+01
   0.35482067E+02  0.91563835E+01
   0.35466042E+02  0.91771555E+01
   0.35449902E+02  0.91978207E+01
   0.35433647E+02  0.92183752E+01
   0.35417278E+02  0.92388144E+01
   0.35400784E+02  0.92591352E+01
   0.35384171E+02  0.92793312E+01
   0.35367420E+02  0.92993975E+01
   0.35350536E+02  0.93193264E+01
   0.35333519E+02  0.93391142E+01
   0.35316349E+02  0.93587494E+01
   0.35299034E+02  0.93782272E+01
   0.35281559E+02  0.93975353E+01
   0.35263916E+02  0.94166670E+01
   0.35246105E+02  0.94356070E+01
   0.35228111E+02  0.94543438E+01
   0.35209923E+02  0.94728613E+01
   0.35191536E+02  0.94911451E+01
   0.35172932E+02  0.95091715E+01
   0.35154110E+02  0.95269194E+01
   0.35135040E+02  0.95443640E+01
   0.35115719E+02  0.95614719E+01
   0.35096123E+02  0.95782061E+01
   0.35076229E+02  0.95945253E+01
   0.35056019E+02  0.96103725E+01
   0.35035469E+02  0.96256866E+01
   0.35014545E+02  0.96403837E+01
   0.34993210E+02  0.96543646E+01
   0.34971432E+02  0.96674967E+01
   0.34949177E+02  0.96796122E+01
   0.34926392E+02  0.96904831E+01
   0.34903057E+02  0.96998072E+01
   0.34879150E+02  0.97071600E+01
   0.34854713E+02  0.97119522E+01
   0.34829914E+02  0.97133732E+01
   0.34805176E+02  0.97103758E+01
   0.34781372E+02  0.97018824E+01
   0.34759888E+02  0.96874018E+01
   0.34742046E+02  0.96677513E+01
   0.34728287E+02  0.96446877E+01
   0.34718166E+02  0.96197929E+01
   0.34710957E+02  0.95940161E+01
   0.34706013E+02  0.95678539E+01
   0.34702854E+02  0.95415535E+01
   0.34701122E+02  0.95152378E+01
   0.34700562E+02  0.94889708E+01
   0.34700970E+02  0.94627867E+01
   0.34702202E+02  0.94367008E+01
   0.34704147E+02  0.94107208E+01
   0.34706715E+02  0.93848486E+01
   0.34709824E+02  0.93590841E+01
   0.34713425E+02  0.93334284E+01
   0.34717461E+02  0.93078737E+01
   0.34721889E+02  0.92824221E+01
   0.34726685E+02  0.92570658E+01
   0.34731804E+02  0.92318048E+01
   0.34737236E+02  0.92066336E+01
   0.34742943E+02  0.91815510E+01
   0.34748917E+02  0.91565514E+01
   0.34755135E+02  0.91316366E+01
   0.34761585E+02  0.91068001E+01
   0.34768246E+02  0.90820408E+01
   0.34775120E+02  0.90573578E+01
   0.34782173E+02  0.90327463E+01
   0.34789417E+02  0.90082083E+01
   0.34796833E+02  0.89837379E+01
   0.34804420E+02  0.89593372E+01
   0.34812157E+02  0.89350014E+01
   0.34820045E+02  0.89107313E+01
   0.34828083E+02  0.88865252E+01
   0.34836258E+02  0.88623810E+01
   0.34844563E+02  0.88382978E+01
   0.34853004E+02  0.88142748E+01
   0.34861561E+02  0.87903128E+01
   0.34870239E+02  0.87664089E+01
   0.34879036E+02  0.87425613E+01
   0.34887943E+02  0.87187710E+01
   0.34896954E+02  0.86950378E+01
   0.34906078E+02  0.86713591E+01
   0.34915302E+02  0.86477356E+01
   0.34924622E+02  0.86241665E+01
   0.34934040E+02  0.86006498E+01
   0.34943550E+02  0.85771875E+01
   0.34953156E+02  0.85537767E+01
   0.34962845E+02  0.85304184E+01
   0.34972626E+02  0.85071125E+01
   0.34982498E+02  0.84838552E+01
   0.34992443E+02  0.84606495E+01
   0.35002480E+02  0.84374943E+01
   0.35012589E+02  0.84143858E+01
   0.35022785E+02  0.83913260E+01
   0.35033054E+02  0.83683147E+01
   0.35043400E+02  0.83453484E+01
   0.35053829E+02  0.83224277E+01
   0.35064327E+02  0.82995510E+01
   0.35074902E+02  0.82767172E+01
   0.35085552E+02  0.82539244E+01
   0.35096275E+02  0.82311697E+01
   0.35107075E+02  0.82084532E+01
   0.35117950E+02  0.81857681E+01
   0.35128902E+02  0.81631165E+01
   0.35139931E+02  0.81404915E+01
   0.35151035E+02  0.81178913E+01
   0.35162216E+02  0.80953112E+01
   0.35173485E+02  0.80727444E+01
   0.35184837E+02  0.80501881E+01
   0.35196274E+02  0.80276365E+01
   0.35207802E+02  0.80050840E+01
   0.35219421E+02  0.79825239E+01
   0.35231136E+02  0.79599485E+01
   0.35242954E+02  0.79373550E+01
   0.35254875E+02  0.79147358E+01
   0.35266899E+02  0.78920879E+01
   0.35279037E+02  0.78694057E+01
   0.35291283E+02  0.78466883E+01
   0.35303638E+02  0.78239336E+01
   0.35316109E+02  0.78011441E+01
   0.35328690E+02  0.77783198E+01
   0.35341389E+02  0.77554669E+01
   0.35354191E+02  0.77325883E+01
   0.35367104E+02  0.77096920E+01
   0.35380119E+02  0.76867833E+01
   0.35393242E+02  0.76638708E+01
   0.35406456E+02  0.76409616E+01
   0.35419765E+02  0.76180625E+01
   0.35433167E+02  0.75951815E+01
   0.35446659E+02  0.75723248E+01
   0.35460236E+02  0.75494990E+01
   0.35473896E+02  0.75267096E+01
   0.35487637E+02  0.75039597E+01
   0.35501457E+02  0.74812555E+01
   0.35515362E+02  0.74586015E+01
   0.35529339E+02  0.74359984E+01
   0.35543396E+02  0.74134521E+01
   0.35557526E+02  0.73909636E+01
   0.35571735E+02  0.73685360E+01
   0.35586018E+02  0.73461704E+01
   0.35600380E+02  0.73238697E+01
   0.35614815E+02  0.73016367E+01
   0.35629330E+02  0.72794704E+01
   0.35643925E+02  0.72573729E+01
   0.35658600E+02  0.72353482E+01
   0.35673351E+02  0.72133951E+01
   0.35688187E+02  0.71915154E+01
   0.35703102E+02  0.71697125E+01
   0.35718102E+02  0.71479869E+01
   0.35733189E+02  0.71263413E+01
   0.35748360E+02  0.71047750E+01
   0.35763622E+02  0.70832925E+01
   0.35778973E+02  0.70618949E+01
   0.35794418E+02  0.70405836E+01
   0.35809956E+02  0.70193620E+01
   0.35825592E+02  0.69982319E+01
   0.35841328E+02  0.69771957E+01
   0.35857166E+02  0.69562578E+01
   0.35873112E+02  0.69354200E+01
   0.35889168E+02  0.69146872E+01
   0.35905327E+02  0.68940620E+01
   0.35921608E+02  0.68735480E+01
   0.35938007E+02  0.68531513E+01
   0.35954533E+02  0.68328762E+01
   0.35971180E+02  0.68127275E+01
   0.35987961E+02  0.67927132E+01
   0.36004879E+02  0.67728391E+01
   0.36021942E+02  0.67531123E+01
   0.36039158E+02  0.67335410E+01
   0.36056522E+02  0.67141352E+01
   0.36074055E+02  0.66949043E+01
   0.36091759E+02  0.66758604E+01
   0.36109642E+02  0.66570163E+01
   0.36127716E+02  0.66383882E+01
   0.36145985E+02  0.66199923E+01
   0.36164474E+02  0.66018486E+01
   0.36183182E+02  0.65839801E+01
   0.36202133E+02  0.65664134E+01
   0.36221340E+02  0.65491791E+01
   0.36240822E+02  0.65323143E+01
   0.36260601E+02  0.65158644E+01
   0.36280701E+02  0.64998817E+01
   0.36301147E+02  0.64844337E+01
   0.36321972E+02  0.64695997E+01
   0.36343208E+02  0.64554853E+01
   0.36364899E+02  0.64422226E+01
   0.36387077E+02  0.64299841E+01
   0.36409794E+02  0.64190021E+01
   0.36433079E+02  0.64095917E+01
   0.36456955E+02  0.64021902E+01
   0.36481373E+02  0.63974113E+01
   0.36506168E+02  0.63961005E+01
   0.36530891E+02  0.63993430E+01
   0.36554596E+02  0.64082289E+01
   0.36554787E+02  0.64083271E+01
