 308   1
   0.44427166E+02 -0.55192275E+01
   0.44450428E+02 -0.54937391E+01
   0.44465046E+02 -0.54607630E+01
   0.44472084E+02 -0.54252191E+01
   0.44473961E+02 -0.53894072E+01
   0.44472378E+02 -0.53539710E+01
   0.44468376E+02 -0.53190427E+01
   0.44462574E+02 -0.52846112E+01
   0.44455376E+02 -0.52506375E+01
   0.44447075E+02 -0.52170730E+01
   0.44437855E+02 -0.51838760E+01
   0.44427860E+02 -0.51510081E+01
   0.44417206E+02 -0.51184378E+01
   0.44405975E+02 -0.50861387E+01
   0.44394241E+02 -0.50540872E+01
   0.44382061E+02 -0.50222640E+01
   0.44369476E+02 -0.49906521E+01
   0.44356525E+02 -0.49592361E+01
   0.44343246E+02 -0.49280043E+01
   0.44329655E+02 -0.48969450E+01
   0.44315784E+02 -0.48660474E+01
   0.44301659E+02 -0.48353038E+01
   0.44287289E+02 -0.48047061E+01
   0.44272694E+02 -0.47742476E+01
   0.44257885E+02 -0.47439213E+01
   0.44242882E+02 -0.47137222E+01
   0.44227688E+02 -0.46836448E+01
   0.44212318E+02 -0.46536841E+01
   0.44196785E+02 -0.46238375E+01
   0.44181087E+02 -0.45941010E+01
   0.44165237E+02 -0.45644693E+01
   0.44149242E+02 -0.45349407E+01
   0.44133114E+02 -0.45055122E+01
   0.44116848E+02 -0.44761810E+01
   0.44100460E+02 -0.44469452E+01
   0.44083946E+02 -0.44178014E+01
   0.44067322E+02 -0.43887482E+01
   0.44050579E+02 -0.43597851E+01
   0.44033733E+02 -0.43309083E+01
   0.44016777E+02 -0.43021178E+01
   0.43999722E+02 -0.42734118E+01
   0.43982574E+02 -0.42447877E+01
   0.43965332E+02 -0.42162466E+01
   0.43947994E+02 -0.41877851E+01
   0.43930573E+02 -0.41594043E+01
   0.43913055E+02 -0.41311021E+01
   0.43895466E+02 -0.41028776E+01
   0.43877789E+02 -0.40747309E+01
   0.43860039E+02 -0.40466604E+01
   0.43842209E+02 -0.40186658E+01
   0.43824299E+02 -0.39907458E+01
   0.43806324E+02 -0.39629006E+01
   0.43788280E+02 -0.39351289E+01
   0.43770164E+02 -0.39074304E+01
   0.43751980E+02 -0.38798037E+01
   0.43733727E+02 -0.38522484E+01
   0.43715405E+02 -0.38247638E+01
   0.43697025E+02 -0.37973485E+01
   0.43678574E+02 -0.37700009E+01
   0.43660069E+02 -0.37427194E+01
   0.43641491E+02 -0.37155030E+01
   0.43622856E+02 -0.36883483E+01
   0.43604149E+02 -0.36612537E+01
   0.43585381E+02 -0.36342142E+01
   0.43566544E+02 -0.36072278E+01
   0.43547634E+02 -0.35802882E+01
   0.43528652E+02 -0.35533910E+01
   0.43509594E+02 -0.35265288E+01
   0.43490452E+02 -0.34996941E+01
   0.43471218E+02 -0.34728773E+01
   0.43451885E+02 -0.34460683E+01
   0.43432449E+02 -0.34192569E+01
   0.43412903E+02 -0.33924296E+01
   0.43393230E+02 -0.33655739E+01
   0.43373428E+02 -0.33386769E+01
   0.43353470E+02 -0.33117263E+01
   0.43333366E+02 -0.32847106E+01
   0.43313103E+02 -0.32576220E+01
   0.43292664E+02 -0.32304535E+01
   0.43272057E+02 -0.32032034E+01
   0.43251286E+02 -0.31758742E+01
   0.43230343E+02 -0.31484721E+01
   0.43209240E+02 -0.31210063E+01
   0.43187981E+02 -0.30934894E+01
   0.43166580E+02 -0.30659368E+01
   0.43145046E+02 -0.30383627E+01
   0.43123386E+02 -0.30107837E+01
   0.43101620E+02 -0.29832141E+01
   0.43079742E+02 -0.29556675E+01
   0.43057770E+02 -0.29281557E+01
   0.43035717E+02 -0.29006896E+01
   0.43013580E+02 -0.28732786E+01
   0.42991367E+02 -0.28459296E+01
   0.42969078E+02 -0.28186491E+01
   0.42946728E+02 -0.27914417E+01
   0.42924309E+02 -0.27643130E+01
   0.42901829E+02 -0.27372646E+01
   0.42879272E+02 -0.27103004E+01
   0.42856670E+02 -0.26834226E+01
   0.42833992E+02 -0.26566327E+01
   0.42811249E+02 -0.26299324E+01
   0.42788452E+02 -0.26033242E+01
   0.42765583E+02 -0.25768077E+01
   0.42742653E+02 -0.25503850E+01
   0.42719662E+02 -0.25240581E+01
   0.42696594E+02 -0.24978273E+01
   0.42673466E+02 -0.24716935E+01
   0.42650265E+02 -0.24456587E+01
   0.42626991E+02 -0.24197237E+01
   0.42603645E+02 -0.23938904E+01
   0.42580223E+02 -0.23681610E+01
   0.42556725E+02 -0.23425353E+01
   0.42533154E+02 -0.23170178E+01
   0.42509495E+02 -0.22916083E+01
   0.42485756E+02 -0.22663114E+01
   0.42461933E+02 -0.22411277E+01
   0.42438023E+02 -0.22160616E+01
   0.42414021E+02 -0.21911139E+01
   0.42389923E+02 -0.21662900E+01
   0.42365730E+02 -0.21415920E+01
   0.42341446E+02 -0.21170254E+01
   0.42317047E+02 -0.20925939E+01
   0.42292553E+02 -0.20683024E+01
   0.42267944E+02 -0.20441563E+01
   0.42243221E+02 -0.20201616E+01
   0.42218376E+02 -0.19963238E+01
   0.42193424E+02 -0.19726511E+01
   0.42168331E+02 -0.19491515E+01
   0.42143105E+02 -0.19258335E+01
   0.42117741E+02 -0.19027067E+01
   0.42092232E+02 -0.18797832E+01
   0.42066570E+02 -0.18570744E+01
   0.42040749E+02 -0.18345939E+01
   0.42014763E+02 -0.18123586E+01
   0.41988586E+02 -0.17903861E+01
   0.41962234E+02 -0.17686970E+01
   0.41935669E+02 -0.17473156E+01
   0.41908901E+02 -0.17262700E+01
   0.41881908E+02 -0.17055912E+01
   0.41854660E+02 -0.16853195E+01
   0.41827160E+02 -0.16654996E+01
   0.41799374E+02 -0.16461875E+01
   0.41771278E+02 -0.16274529E+01
   0.41742855E+02 -0.16093786E+01
   0.41714062E+02 -0.15920727E+01
   0.41684879E+02 -0.15756737E+01
   0.41655254E+02 -0.15603648E+01
   0.41625153E+02 -0.15463940E+01
   0.41594536E+02 -0.15341094E+01
   0.41563389E+02 -0.15240152E+01
   0.41531723E+02 -0.15168730E+01
   0.41499702E+02 -0.15138700E+01
   0.41467880E+02 -0.15168772E+01
   0.41437714E+02 -0.15285628E+01
   0.41412354E+02 -0.15511137E+01
   0.41395226E+02 -0.15825645E+01
   0.41386257E+02 -0.16177319E+01
   0.41383057E+02 -0.16535673E+01
   0.41383682E+02 -0.16891334E+01
   0.41386967E+02 -0.17242166E+01
   0.41392185E+02 -0.17588016E+01
   0.41398888E+02 -0.17929231E+01
   0.41406769E+02 -0.18266280E+01
   0.41415615E+02 -0.18599594E+01
   0.41425270E+02 -0.18929549E+01
   0.41435612E+02 -0.19256480E+01
   0.41446552E+02 -0.19580659E+01
   0.41458015E+02 -0.19902310E+01
   0.41469944E+02 -0.20221655E+01
   0.41482292E+02 -0.20538862E+01
   0.41495010E+02 -0.20854080E+01
   0.41508076E+02 -0.21167428E+01
   0.41521458E+02 -0.21479034E+01
   0.41535122E+02 -0.21789002E+01
   0.41549057E+02 -0.22097411E+01
   0.41563240E+02 -0.22404349E+01
   0.41577656E+02 -0.22709880E+01
   0.41592285E+02 -0.23014069E+01
   0.41607121E+02 -0.23316972E+01
   0.41622143E+02 -0.23618646E+01
   0.41637356E+02 -0.23919132E+01
   0.41652740E+02 -0.24218471E+01
   0.41668285E+02 -0.24516706E+01
   0.41683979E+02 -0.24813871E+01
   0.41699833E+02 -0.25109997E+01
   0.41715820E+02 -0.25405109E+01
   0.41731949E+02 -0.25699241E+01
   0.41748207E+02 -0.25992408E+01
   0.41764587E+02 -0.26284640E+01
   0.41781090E+02 -0.26575947E+01
   0.41797707E+02 -0.26866357E+01
   0.41814434E+02 -0.27155881E+01
   0.41831268E+02 -0.27444537E+01
   0.41848209E+02 -0.27732337E+01
   0.41865253E+02 -0.28019302E+01
   0.41882389E+02 -0.28305433E+01
   0.41899620E+02 -0.28590744E+01
   0.41916943E+02 -0.28875253E+01
   0.41934349E+02 -0.29158959E+01
   0.41951847E+02 -0.29441876E+01
   0.41969433E+02 -0.29724009E+01
   0.41987083E+02 -0.30005360E+01
   0.42004829E+02 -0.30285947E+01
   0.42022644E+02 -0.30565772E+01
   0.42040539E+02 -0.30844841E+01
   0.42058498E+02 -0.31123164E+01
   0.42076542E+02 -0.31400740E+01
   0.42094650E+02 -0.31677587E+01
   0.42112823E+02 -0.31953707E+01
   0.42131073E+02 -0.32229109E+01
   0.42149380E+02 -0.32503803E+01
   0.42167759E+02 -0.32777803E+01
   0.42186199E+02 -0.33051124E+01
   0.42204712E+02 -0.33323789E+01
   0.42223289E+02 -0.33595808E+01
   0.42241924E+02 -0.33867216E+01
   0.42260639E+02 -0.34138041E+01
   0.42279423E+02 -0.34408324E+01
   0.42298267E+02 -0.34678104E+01
   0.42317196E+02 -0.34947443E+01
   0.42336201E+02 -0.35216401E+01
   0.42355289E+02 -0.35485051E+01
   0.42374470E+02 -0.35753484E+01
   0.42393745E+02 -0.36021795E+01
   0.42413120E+02 -0.36290097E+01
   0.42432613E+02 -0.36558511E+01
   0.42452229E+02 -0.36827159E+01
   0.42471977E+02 -0.37096174E+01
   0.42491879E+02 -0.37365685E+01
   0.42511921E+02 -0.37635806E+01
   0.42532131E+02 -0.37906632E+01
   0.42552505E+02 -0.38178215E+01
   0.42573059E+02 -0.38450603E+01
   0.42593777E+02 -0.38723779E+01
   0.42614666E+02 -0.38997691E+01
   0.42635719E+02 -0.39272251E+01
   0.42656937E+02 -0.39547331E+01
   0.42678299E+02 -0.39822807E+01
   0.42699802E+02 -0.40098515E+01
   0.42721428E+02 -0.40374289E+01
   0.42743176E+02 -0.40650005E+01
   0.42765030E+02 -0.40925488E+01
   0.42786983E+02 -0.41200647E+01
   0.42809032E+02 -0.41475353E+01
   0.42831154E+02 -0.41749511E+01
   0.42853367E+02 -0.42023053E+01
   0.42875645E+02 -0.42295914E+01
   0.42897999E+02 -0.42568026E+01
   0.42920422E+02 -0.42839365E+01
   0.42942909E+02 -0.43109870E+01
   0.42965466E+02 -0.43379531E+01
   0.42988091E+02 -0.43648314E+01
   0.43010777E+02 -0.43916206E+01
   0.43033527E+02 -0.44183192E+01
   0.43056347E+02 -0.44449244E+01
   0.43079224E+02 -0.44714355E+01
   0.43102173E+02 -0.44978514E+01
   0.43125191E+02 -0.45241709E+01
   0.43148273E+02 -0.45503917E+01
   0.43171429E+02 -0.45765152E+01
   0.43194653E+02 -0.46025381E+01
   0.43217953E+02 -0.46284595E+01
   0.43241325E+02 -0.46542778E+01
   0.43264774E+02 -0.46799908E+01
   0.43288303E+02 -0.47055979E+01
   0.43311909E+02 -0.47310963E+01
   0.43335594E+02 -0.47564845E+01
   0.43359367E+02 -0.47817602E+01
   0.43383224E+02 -0.48069205E+01
   0.43407169E+02 -0.48319635E+01
   0.43431206E+02 -0.48568850E+01
   0.43455341E+02 -0.48816829E+01
   0.43479568E+02 -0.49063525E+01
   0.43503895E+02 -0.49308915E+01
   0.43528320E+02 -0.49552946E+01
   0.43552856E+02 -0.49795566E+01
   0.43577503E+02 -0.50036731E+01
   0.43602264E+02 -0.50276384E+01
   0.43627148E+02 -0.50514469E+01
   0.43652142E+02 -0.50750909E+01
   0.43677273E+02 -0.50985618E+01
   0.43702534E+02 -0.51218505E+01
   0.43727932E+02 -0.51449509E+01
   0.43753475E+02 -0.51678495E+01
   0.43779171E+02 -0.51905351E+01
   0.43805027E+02 -0.52129946E+01
   0.43831047E+02 -0.52352123E+01
   0.43857239E+02 -0.52571716E+01
   0.43883621E+02 -0.52788510E+01
   0.43910202E+02 -0.53002295E+01
   0.43936981E+02 -0.53212800E+01
   0.43963993E+02 -0.53419728E+01
   0.43991241E+02 -0.53622699E+01
   0.44018734E+02 -0.53821306E+01
   0.44046513E+02 -0.54014997E+01
   0.44074585E+02 -0.54203176E+01
   0.44102978E+02 -0.54385037E+01
   0.44131725E+02 -0.54559617E+01
   0.44160843E+02 -0.54725623E+01
   0.44190376E+02 -0.54881449E+01
   0.44220379E+02 -0.55024881E+01
   0.44250874E+02 -0.55152864E+01
   0.44281879E+02 -0.55261054E+01
   0.44313412E+02 -0.55342975E+01
   0.44345367E+02 -0.55388684E+01
   0.44377369E+02 -0.55382500E+01
   0.44408401E+02 -0.55300727E+01
   0.44427166E+02 -0.55192275E+01
