 311   1
   0.36431244E+02  0.73942270E+01
   0.36453480E+02  0.74088717E+01
   0.36473274E+02  0.74270673E+01
   0.36490307E+02  0.74481068E+01
   0.36504578E+02  0.74712191E+01
   0.36516289E+02  0.74957414E+01
   0.36525757E+02  0.75211811E+01
   0.36533279E+02  0.75472035E+01
   0.36539150E+02  0.75735850E+01
   0.36543591E+02  0.76001778E+01
   0.36546806E+02  0.76268835E+01
   0.36548954E+02  0.76536407E+01
   0.36550163E+02  0.76804051E+01
   0.36550545E+02  0.77071462E+01
   0.36550186E+02  0.77338452E+01
   0.36549168E+02  0.77604880E+01
   0.36547554E+02  0.77870660E+01
   0.36545387E+02  0.78135715E+01
   0.36542728E+02  0.78400035E+01
   0.36539604E+02  0.78663559E+01
   0.36536068E+02  0.78926301E+01
   0.36532135E+02  0.79188228E+01
   0.36527836E+02  0.79449363E+01
   0.36523197E+02  0.79709697E+01
   0.36518234E+02  0.79969220E+01
   0.36512970E+02  0.80227966E+01
   0.36507427E+02  0.80485935E+01
   0.36501610E+02  0.80743113E+01
   0.36495541E+02  0.80999537E+01
   0.36489223E+02  0.81255217E+01
   0.36482677E+02  0.81510124E+01
   0.36475914E+02  0.81764317E+01
   0.36468937E+02  0.82017784E+01
   0.36461754E+02  0.82270546E+01
   0.36454376E+02  0.82522583E+01
   0.36446815E+02  0.82773933E+01
   0.36439072E+02  0.83024597E+01
   0.36431152E+02  0.83274565E+01
   0.36423069E+02  0.83523865E+01
   0.36414818E+02  0.83772497E+01
   0.36406410E+02  0.84020481E+01
   0.36397850E+02  0.84267807E+01
   0.36389145E+02  0.84514475E+01
   0.36380291E+02  0.84760523E+01
   0.36371296E+02  0.85005932E+01
   0.36362167E+02  0.85250721E+01
   0.36352901E+02  0.85494890E+01
   0.36343506E+02  0.85738459E+01
   0.36333984E+02  0.85981417E+01
   0.36324337E+02  0.86223774E+01
   0.36314568E+02  0.86465549E+01
   0.36304680E+02  0.86706743E+01
   0.36294670E+02  0.86947355E+01
   0.36284546E+02  0.87187414E+01
   0.36274307E+02  0.87426910E+01
   0.36263958E+02  0.87665873E+01
   0.36253494E+02  0.87904291E+01
   0.36242924E+02  0.88142195E+01
   0.36232243E+02  0.88379593E+01
   0.36221451E+02  0.88616505E+01
   0.36210556E+02  0.88852911E+01
   0.36199551E+02  0.89088888E+01
   0.36188442E+02  0.89324417E+01
   0.36177223E+02  0.89559517E+01
   0.36165894E+02  0.89794226E+01
   0.36154465E+02  0.90028563E+01
   0.36142925E+02  0.90262556E+01
   0.36131271E+02  0.90496235E+01
   0.36119514E+02  0.90729609E+01
   0.36107643E+02  0.90962744E+01
   0.36095661E+02  0.91195631E+01
   0.36083565E+02  0.91428328E+01
   0.36071354E+02  0.91660852E+01
   0.36059025E+02  0.91893234E+01
   0.36046577E+02  0.92125483E+01
   0.36034012E+02  0.92357664E+01
   0.36021324E+02  0.92589741E+01
   0.36008511E+02  0.92821760E+01
   0.35995575E+02  0.93053722E+01
   0.35982517E+02  0.93285599E+01
   0.35969334E+02  0.93517418E+01
   0.35956024E+02  0.93749151E+01
   0.35942589E+02  0.93980770E+01
   0.35929035E+02  0.94212246E+01
   0.35915352E+02  0.94443550E+01
   0.35901554E+02  0.94674654E+01
   0.35887627E+02  0.94905510E+01
   0.35873589E+02  0.95136070E+01
   0.35859425E+02  0.95366287E+01
   0.35845146E+02  0.95596132E+01
   0.35830757E+02  0.95825558E+01
   0.35816254E+02  0.96054497E+01
   0.35801640E+02  0.96282949E+01
   0.35786907E+02  0.96510839E+01
   0.35772068E+02  0.96738129E+01
   0.35757126E+02  0.96964798E+01
   0.35742073E+02  0.97190809E+01
   0.35726913E+02  0.97416124E+01
   0.35711639E+02  0.97640715E+01
   0.35696266E+02  0.97864552E+01
   0.35680782E+02  0.98087597E+01
   0.35665188E+02  0.98309841E+01
   0.35649487E+02  0.98531246E+01
   0.35633682E+02  0.98751793E+01
   0.35617767E+02  0.98971453E+01
   0.35601742E+02  0.99190187E+01
   0.35585602E+02  0.99407997E+01
   0.35569355E+02  0.99624834E+01
   0.35552994E+02  0.99840689E+01
   0.35536518E+02  0.10005552E+02
   0.35519928E+02  0.10026932E+02
   0.35503216E+02  0.10048203E+02
   0.35486385E+02  0.10069364E+02
   0.35469433E+02  0.10090410E+02
   0.35452358E+02  0.10111341E+02
   0.35435154E+02  0.10132150E+02
   0.35417824E+02  0.10152834E+02
   0.35400364E+02  0.10173388E+02
   0.35382771E+02  0.10193811E+02
   0.35365032E+02  0.10214094E+02
   0.35347157E+02  0.10234236E+02
   0.35329136E+02  0.10254226E+02
   0.35310966E+02  0.10274062E+02
   0.35292648E+02  0.10293736E+02
   0.35274170E+02  0.10313242E+02
   0.35255527E+02  0.10332572E+02
   0.35236721E+02  0.10351715E+02
   0.35217739E+02  0.10370664E+02
   0.35198578E+02  0.10389407E+02
   0.35179237E+02  0.10407935E+02
   0.35159702E+02  0.10426231E+02
   0.35139965E+02  0.10444286E+02
   0.35120026E+02  0.10462080E+02
   0.35099869E+02  0.10479596E+02
   0.35079487E+02  0.10496816E+02
   0.35058868E+02  0.10513715E+02
   0.35038002E+02  0.10530269E+02
   0.35016876E+02  0.10546448E+02
   0.34995480E+02  0.10562216E+02
   0.34973797E+02  0.10577538E+02
   0.34951813E+02  0.10592365E+02
   0.34929516E+02  0.10606644E+02
   0.34906876E+02  0.10620313E+02
   0.34883888E+02  0.10633295E+02
   0.34860535E+02  0.10645500E+02
   0.34836788E+02  0.10656816E+02
   0.34812637E+02  0.10667113E+02
   0.34788074E+02  0.10676222E+02
   0.34763103E+02  0.10683939E+02
   0.34737740E+02  0.10690006E+02
   0.34712040E+02  0.10694113E+02
   0.34686104E+02  0.10695875E+02
   0.34660126E+02  0.10694845E+02
   0.34634418E+02  0.10690545E+02
   0.34609474E+02  0.10682547E+02
   0.34585903E+02  0.10670613E+02
   0.34564365E+02  0.10654852E+02
   0.34545380E+02  0.10635753E+02
   0.34529186E+02  0.10614039E+02
   0.34515713E+02  0.10590457E+02
   0.34504726E+02  0.10565619E+02
   0.34495911E+02  0.10539967E+02
   0.34488964E+02  0.10513806E+02
   0.34483627E+02  0.10487335E+02
   0.34479660E+02  0.10460687E+02
   0.34476887E+02  0.10433948E+02
   0.34475155E+02  0.10407176E+02
   0.34474335E+02  0.10380412E+02
   0.34474316E+02  0.10353680E+02
   0.34475025E+02  0.10326999E+02
   0.34476376E+02  0.10300381E+02
   0.34478317E+02  0.10273833E+02
   0.34480789E+02  0.10247363E+02
   0.34483749E+02  0.10220971E+02
   0.34487156E+02  0.10194661E+02
   0.34490986E+02  0.10168434E+02
   0.34495193E+02  0.10142290E+02
   0.34499763E+02  0.10116230E+02
   0.34504665E+02  0.10090250E+02
   0.34509884E+02  0.10064353E+02
   0.34515400E+02  0.10038537E+02
   0.34521191E+02  0.10012799E+02
   0.34527252E+02  0.99871416E+01
   0.34533562E+02  0.99615622E+01
   0.34540108E+02  0.99360580E+01
   0.34546886E+02  0.99106293E+01
   0.34553875E+02  0.98852749E+01
   0.34561077E+02  0.98599939E+01
   0.34568474E+02  0.98347855E+01
   0.34576065E+02  0.98096485E+01
   0.34583839E+02  0.97845812E+01
   0.34591785E+02  0.97595835E+01
   0.34599907E+02  0.97346544E+01
   0.34608192E+02  0.97097921E+01
   0.34616638E+02  0.96849976E+01
   0.34625233E+02  0.96602697E+01
   0.34633980E+02  0.96356058E+01
   0.34642872E+02  0.96110077E+01
   0.34651909E+02  0.95864716E+01
   0.34661079E+02  0.95619993E+01
   0.34670380E+02  0.95375900E+01
   0.34679817E+02  0.95132408E+01
   0.34689381E+02  0.94889517E+01
   0.34699062E+02  0.94647245E+01
   0.34708874E+02  0.94405556E+01
   0.34718800E+02  0.94164448E+01
   0.34728844E+02  0.93923931E+01
   0.34739002E+02  0.93683958E+01
   0.34749275E+02  0.93444557E+01
   0.34759655E+02  0.93205690E+01
   0.34770149E+02  0.92967367E+01
   0.34780750E+02  0.92729578E+01
   0.34791462E+02  0.92492285E+01
   0.34802273E+02  0.92255497E+01
   0.34813194E+02  0.92019196E+01
   0.34824219E+02  0.91783342E+01
   0.34835346E+02  0.91547947E+01
   0.34846584E+02  0.91312990E+01
   0.34857918E+02  0.91078415E+01
   0.34869358E+02  0.90844240E+01
   0.34880905E+02  0.90610418E+01
   0.34892551E+02  0.90376921E+01
   0.34904312E+02  0.90143728E+01
   0.34916176E+02  0.89910803E+01
   0.34928150E+02  0.89678125E+01
   0.34940231E+02  0.89445658E+01
   0.34952423E+02  0.89213371E+01
   0.34964729E+02  0.88981228E+01
   0.34977154E+02  0.88749208E+01
   0.34989693E+02  0.88517303E+01
   0.35002346E+02  0.88285475E+01
   0.35015121E+02  0.88053694E+01
   0.35028011E+02  0.87821989E+01
   0.35041027E+02  0.87590322E+01
   0.35054161E+02  0.87358694E+01
   0.35067425E+02  0.87127132E+01
   0.35080803E+02  0.86895666E+01
   0.35094299E+02  0.86664286E+01
   0.35107922E+02  0.86433039E+01
   0.35121666E+02  0.86201954E+01
   0.35135525E+02  0.85971060E+01
   0.35149502E+02  0.85740433E+01
   0.35163597E+02  0.85510073E+01
   0.35177803E+02  0.85280037E+01
   0.35192123E+02  0.85050392E+01
   0.35206551E+02  0.84821148E+01
   0.35221092E+02  0.84592381E+01
   0.35235741E+02  0.84364100E+01
   0.35250500E+02  0.84136362E+01
   0.35265362E+02  0.83909206E+01
   0.35280331E+02  0.83682661E+01
   0.35295403E+02  0.83456774E+01
   0.35310581E+02  0.83231564E+01
   0.35325863E+02  0.83007069E+01
   0.35341248E+02  0.82783289E+01
   0.35356735E+02  0.82560310E+01
   0.35372334E+02  0.82338104E+01
   0.35388031E+02  0.82116718E+01
   0.35403835E+02  0.81896181E+01
   0.35419746E+02  0.81676531E+01
   0.35435764E+02  0.81457748E+01
   0.35451889E+02  0.81239901E+01
   0.35468128E+02  0.81022997E+01
   0.35484467E+02  0.80807066E+01
   0.35500927E+02  0.80592136E+01
   0.35517498E+02  0.80378227E+01
   0.35534187E+02  0.80165386E+01
   0.35550991E+02  0.79953618E+01
   0.35567917E+02  0.79742970E+01
   0.35584961E+02  0.79533486E+01
   0.35602131E+02  0.79325199E+01
   0.35619431E+02  0.79118133E+01
   0.35636856E+02  0.78912349E+01
   0.35654415E+02  0.78707886E+01
   0.35672115E+02  0.78504791E+01
   0.35689953E+02  0.78303113E+01
   0.35707935E+02  0.78102913E+01
   0.35726063E+02  0.77904258E+01
   0.35744343E+02  0.77707214E+01
   0.35762779E+02  0.77511854E+01
   0.35781380E+02  0.77318258E+01
   0.35800148E+02  0.77126513E+01
   0.35819088E+02  0.76936707E+01
   0.35838207E+02  0.76748981E+01
   0.35857517E+02  0.76563439E+01
   0.35877010E+02  0.76380196E+01
   0.35896713E+02  0.76199417E+01
   0.35916622E+02  0.76021276E+01
   0.35936752E+02  0.75845938E+01
   0.35957111E+02  0.75673628E+01
   0.35977718E+02  0.75504589E+01
   0.35998569E+02  0.75339103E+01
   0.36019688E+02  0.75177455E+01
   0.36041084E+02  0.75020027E+01
   0.36062775E+02  0.74867253E+01
   0.36084782E+02  0.74719610E+01
   0.36107113E+02  0.74577689E+01
   0.36129799E+02  0.74442186E+01
   0.36152843E+02  0.74313931E+01
   0.36176273E+02  0.74193935E+01
   0.36200115E+02  0.74083414E+01
   0.36224373E+02  0.73983879E+01
   0.36249058E+02  0.73897204E+01
   0.36274158E+02  0.73825736E+01
   0.36299652E+02  0.73772349E+01
   0.36325459E+02  0.73740640E+01
   0.36351437E+02  0.73734894E+01
   0.36377335E+02  0.73759937E+01
   0.36402740E+02  0.73820581E+01
   0.36427090E+02  0.73920393E+01
   0.36431244E+02  0.73942270E+01
